frame,bone_id,bone_name,x,y,z
0,0,pelvis,0.000000,0.000000,0.000000
0,1,stomach,0.323574,10.879708,1.793246
0,2,chest,1.378148,28.596474,2.051747
0,3,neck,-5.272802,56.834047,4.965728
0,4,head,-8.759086,69.826507,7.576758
0,5,hair,-6.364343,85.038259,8.255838
0,7,zero_joint_hand_l,1.378042,28.598204,2.054745
0,8,clavicle_l,-6.528497,52.201127,4.028018
0,9,arm_l,-19.743683,47.061589,-7.805778
0,10,forearm_l,-27.972367,21.263084,-18.097251
0,11,forearm_twist_l,-36.814835,17.131941,-11.223507
0,12,hand_l,-46.209196,12.750992,-3.934493
0,13,weapon_l,-54.187622,11.196872,0.638403
0,14,f_big1_l,-49.986636,16.160147,-0.646619
0,15,f_big2_l,-52.179474,16.722439,2.549114
0,16,f_big3_l,-54.121921,13.644995,4.781940
0,17,f_main1_l,-56.976580,9.410526,-2.012376
0,18,f_main2_l,-54.765649,9.389351,2.447061
0,19,f_main3_l,-50.489910,11.297460,1.556705
0,20,f_pointer1_l,-57.656137,14.592565,-1.081063
0,21,f_pointer2_l,-57.476312,13.202725,3.146031
0,22,f_pointer3_l,-54.186935,14.180765,3.194160
0,23,scapular_l,-18.401373,54.823517,-6.323414
0,24,chest_l,-17.784350,32.353116,10.861792
0,25,zero_joint_hand_r,1.378042,28.598204,2.054745
0,26,clavicle_r,-3.293634,52.689757,6.664408
0,27,arm_r,12.677355,52.125847,15.922067
0,28,forearm_r,30.108571,30.975840,25.255524
0,29,forearm_twist_r,19.475672,26.808259,28.730670
0,30,hand_r,8.190225,22.388966,32.429992
0,31,weapon_r,-0.625306,19.143112,31.710596
0,32,f_big1_r,2.663997,24.818444,30.713960
0,33,f_big2_r,-0.914887,24.402053,28.680204
0,34,f_big3_r,-2.964322,20.258153,27.891970
0,35,f_main1_r,-1.518156,17.395012,35.432555
0,36,f_main2_r,-1.408456,17.054873,30.715602
0,37,f_main3_r,2.064869,19.492582,29.402130
0,38,f_pointer1_r,-3.722192,22.135912,34.552940
0,39,f_pointer2_r,-5.018155,20.118324,30.652982
0,40,f_pointer3_r,-2.288062,21.627453,29.118016
0,41,scapular_r,9.500253,59.137826,13.712725
0,42,chest_r,-4.204354,34.403155,21.907647
0,43,zero_joint_pelvis_l,0.000645,0.001505,0.003051
0,44,thigh_l,-8.343939,1.175873,-3.712813
0,45,calf_l,-42.420955,-31.190436,10.369372
0,46,foot_l,-47.065800,-68.575549,-6.124396
0,47,toe_l,-59.588223,-78.644123,6.880946
0,48,back_l,-3.542791,-3.284765,-12.796978
0,51,zero_joint_pelvis_r,0.000645,0.001505,0.003051
0,52,thigh_r,6.927524,-0.883572,6.007513
0,53,calf_r,25.820107,-38.473875,31.249708
0,54,foot_r,27.510364,-68.597001,3.303224
0,55,toe_r,34.799631,-78.633974,19.834827
0,56,back_r,12.269612,-5.413891,-2.733662
0,57,biceps_twist_l,-23.696948,34.670142,-12.747931
0,58,biceps_twist_r,21.050802,41.967679,20.403227
0,59,thigh_twist_l,-20.821403,-11.213012,1.039046
0,60,thigh_twist_r,13.975374,-15.168582,14.840260
1,0,pelvis,0.753906,-0.062500,-0.296875
1,1,stomach,0.967839,10.803408,1.593826
1,2,chest,1.666747,28.530040,2.177629
1,3,neck,-5.046534,56.743226,5.183439
1,4,head,-8.519835,69.687561,8.039319
1,5,hair,-6.410385,84.933045,8.887124
1,7,zero_joint_hand_l,1.666555,28.531739,2.180640
1,8,clavicle_l,-6.277715,52.121235,4.162919
1,9,arm_l,-19.381230,47.091400,-7.840972
1,10,forearm_l,-28.892080,21.570510,-17.710947
1,11,forearm_twist_l,-37.761886,17.199377,-11.023370
1,12,hand_l,-47.185231,12.563964,-3.931829
1,13,weapon_l,-55.223251,11.007828,0.469455
1,14,f_big1_l,-50.765376,15.820342,-0.287644
1,15,f_big2_l,-52.881483,16.187943,2.987160
1,16,f_big3_l,-54.913108,13.006841,4.982742
1,17,f_main1_l,-58.049110,9.498927,-2.095664
1,18,f_main2_l,-55.786117,8.993918,2.308778
1,19,f_main3_l,-51.469033,10.857228,1.530049
1,20,f_pointer1_l,-58.499055,14.602719,-0.705871
1,21,f_pointer2_l,-58.424946,12.810538,3.370270
1,22,f_pointer3_l,-55.091608,13.613089,3.524095
1,23,scapular_l,-18.028840,54.840529,-6.301820
1,24,chest_l,-17.740327,32.216221,10.466665
1,25,zero_joint_hand_r,1.666555,28.531739,2.180640
1,26,clavicle_r,-3.120240,52.580065,6.896685
1,27,arm_r,12.851655,51.384756,16.092583
1,28,forearm_r,28.562805,28.962817,25.510646
1,29,forearm_twist_r,17.900950,24.850794,28.963187
1,30,hand_r,6.584937,20.490183,32.638697
1,31,weapon_r,-2.092029,17.501261,32.057356
1,32,f_big1_r,1.073609,22.951533,30.920165
1,33,f_big2_r,-2.546719,22.521555,28.964073
1,34,f_big3_r,-4.682309,18.388234,28.373892
1,35,f_main1_r,-3.156715,15.796257,35.996509
1,36,f_main2_r,-3.134673,15.269847,31.295468
1,37,f_main3_r,0.357904,17.590262,29.829453
1,38,f_pointer1_r,-5.291576,20.538710,34.967369
1,39,f_pointer2_r,-6.690294,18.394123,31.172086
1,40,f_pointer3_r,-3.960768,19.791514,29.533798
1,41,scapular_r,9.806194,58.544962,14.015233
1,42,chest_r,-4.490455,34.140528,21.916228
1,43,zero_joint_pelvis_l,0.754493,-0.061017,-0.293802
1,44,thigh_l,-7.540664,1.083544,-4.127757
1,45,calf_l,-41.870510,-30.990350,10.009287
1,46,foot_l,-46.978135,-68.503452,-6.051379
1,47,toe_l,-59.601287,-78.597711,6.836138
1,48,back_l,-2.567076,-3.262746,-13.174499
1,51,zero_joint_pelvis_r,0.754493,-0.061017,-0.293802
1,52,thigh_r,7.594826,-0.946583,5.809000
1,53,calf_r,26.251787,-38.508981,31.267065
1,54,foot_r,28.517399,-68.542683,3.265111
1,55,toe_r,35.683415,-78.592257,19.842879
1,56,back_r,13.098043,-5.360634,-2.891317
1,57,biceps_twist_l,-23.950317,34.833335,-12.580635
1,58,biceps_twist_r,20.398973,40.615594,20.614412
1,59,thigh_twist_l,-20.112457,-11.200612,0.647315
1,60,thigh_twist_r,14.565348,-15.219830,14.721764
2,0,pelvis,2.660156,-0.750000,-1.140625
2,1,stomach,2.544935,10.063742,1.036114
2,2,chest,2.396717,27.752635,2.500305
2,3,neck,-4.750627,55.795157,6.052674
2,4,head,-8.365402,68.541684,9.550551
2,5,hair,-6.795863,83.819413,10.862368
2,7,zero_joint_hand_l,2.396297,27.754219,2.503355
2,8,clavicle_l,-5.866877,51.207483,4.777023
2,9,arm_l,-18.617923,46.381606,-7.681567
2,10,forearm_l,-31.135540,21.777373,-16.463905
2,11,forearm_twist_l,-40.073653,16.753352,-10.350535
2,12,hand_l,-49.569397,11.425599,-3.868071
2,13,weapon_l,-57.739373,9.783170,0.083664
2,14,f_big1_l,-52.734076,14.044323,0.584861
2,15,f_big2_l,-54.722674,13.823220,3.951440
2,16,f_big3_l,-56.993050,10.452518,5.260246
2,17,f_main1_l,-60.623460,8.961298,-2.279136
2,18,f_main2_l,-58.351913,7.238795,1.801111
2,19,f_main3_l,-53.939438,8.989671,1.376670
2,20,f_pointer1_l,-60.556136,13.624221,0.257776
2,21,f_pointer2_l,-60.870706,10.896090,3.763589
2,22,f_pointer3_l,-57.473378,11.199999,4.144039
2,23,scapular_l,-17.339639,54.101855,-5.946438
2,24,chest_l,-17.583689,31.015871,9.504964
2,25,zero_joint_hand_r,2.396297,27.754219,2.503355
2,26,clavicle_r,-2.916956,51.582075,7.745406
2,27,arm_r,12.944612,48.668463,16.746309
2,28,forearm_r,24.253622,23.864436,26.500797
2,29,forearm_twist_r,13.547334,19.673980,29.713181
2,30,hand_r,2.184230,15.229544,33.134193
2,31,weapon_r,-6.158974,12.781927,32.959085
2,32,f_big1_r,-3.311636,17.731075,31.424185
2,33,f_big2_r,-7.038087,17.255898,29.690482
2,34,f_big3_r,-9.350556,13.176422,29.628786
2,35,f_main1_r,-7.544173,11.310134,37.400809
2,36,f_main2_r,-7.775333,10.308821,32.783308
2,37,f_main3_r,-4.277113,12.321171,30.927370
2,38,f_pointer1_r,-9.551985,16.008415,35.985724
2,39,f_pointer2_r,-11.216570,13.547552,32.497327
2,40,f_pointer3_r,-8.522045,14.656518,30.600822
2,41,scapular_r,10.323430,56.181032,15.111456
2,42,chest_r,-5.203182,32.587520,21.939091
2,43,zero_joint_pelvis_l,2.660576,-0.748587,-1.137492
2,44,thigh_l,-5.485561,0.318022,-5.299422
2,45,calf_l,-40.626200,-30.677247,9.245602
2,46,foot_l,-46.740301,-68.441027,-5.846791
2,47,toe_l,-59.630963,-78.577485,6.739281
2,48,back_l,-0.029049,-3.676991,-14.228963
2,51,zero_joint_pelvis_r,2.660576,-0.748587,-1.137492
2,52,thigh_r,9.249945,-1.648298,5.233482
2,53,calf_r,27.377250,-38.931450,31.472697
2,54,foot_r,31.205189,-68.515677,3.163934
2,55,toe_r,37.975391,-78.602657,19.884739
2,56,back_r,15.222070,-5.708807,-3.328687
2,57,biceps_twist_l,-24.631144,34.563910,-11.898720
2,58,biceps_twist_r,18.377653,36.754995,21.429806
2,59,thigh_twist_l,-18.363507,-11.579359,-0.363578
2,60,thigh_twist_r,16.053694,-15.816158,14.438474
3,0,pelvis,5.183594,-2.562500,-2.492188
3,1,stomach,4.517196,8.135314,0.115716
3,2,chest,3.262942,25.610017,2.966042
3,3,neck,-4.991660,53.148709,7.820825
3,4,head,-9.118138,65.403778,12.355264
3,5,hair,-8.049989,80.662605,14.258051
3,7,zero_joint_hand_l,3.262193,25.611362,2.969143
3,8,clavicle_l,-5.850782,48.644768,6.118916
3,9,arm_l,-17.983224,43.947204,-6.989534
3,10,forearm_l,-33.932288,20.873927,-14.231064
3,11,forearm_twist_l,-42.961634,14.950286,-9.143303
3,12,hand_l,-52.554054,8.668456,-3.748810
3,13,weapon_l,-60.825976,6.734878,-0.431487
3,14,f_big1_l,-55.414009,10.074238,1.399962
3,15,f_big2_l,-57.375634,9.014978,4.617390
3,16,f_big3_l,-59.931589,5.610382,4.941402
3,17,f_main1_l,-63.769646,6.781861,-2.548527
3,18,f_main2_l,-61.683049,3.691907,0.749014
3,19,f_main3_l,-57.182764,5.252982,0.910999
3,20,f_pointer1_l,-63.244267,10.436866,1.266870
3,21,f_pointer2_l,-64.245094,6.852429,3.712806
3,22,f_pointer3_l,-60.880717,6.435276,4.247558
3,23,scapular_l,-17.031439,51.623004,-4.886414
3,24,chest_l,-17.371136,27.906178,8.247428
3,25,zero_joint_hand_r,3.262193,25.611362,2.969143
3,26,clavicle_r,-3.203663,48.863044,9.374490
3,27,arm_r,12.208444,43.649002,18.113796
3,28,forearm_r,17.593749,17.141756,28.440844
3,29,forearm_twist_r,6.893247,12.495414,30.973567
3,30,hand_r,-4.464282,7.566679,33.673673
3,31,weapon_r,-12.421385,5.564326,34.143364
3,32,f_big1_r,-10.003194,9.985625,31.983858
3,33,f_big2_r,-13.851572,9.396091,30.583713
3,34,f_big3_r,-16.261251,5.430241,31.261164
3,35,f_main1_r,-13.965078,4.626582,39.086466
3,36,f_main2_r,-14.541085,2.987793,34.686469
3,37,f_main3_r,-11.132413,4.595924,32.335628
3,38,f_pointer1_r,-15.951431,9.141843,37.143672
3,39,f_pointer2_r,-17.914093,6.268447,34.162539
3,40,f_pointer3_r,-15.331529,7.004106,31.954334
3,41,scapular_r,10.274823,51.501910,17.213612
3,42,chest_r,-6.259209,28.823551,21.887004
3,43,zero_joint_pelvis_l,5.183752,-2.561211,-2.488978
3,44,thigh_l,-2.702953,-1.598070,-7.146350
3,45,calf_l,-39.233932,-30.405902,8.433293
3,46,foot_l,-46.380294,-68.396133,-5.600147
3,47,toe_l,-59.649015,-78.557028,6.566341
3,48,back_l,3.480051,-5.007031,-15.842315
3,51,zero_joint_pelvis_r,5.183752,-2.561211,-2.488978
3,52,thigh_r,11.364880,-3.508571,4.272479
3,53,calf_r,28.864349,-40.016042,31.987135
3,54,foot_r,35.085576,-68.489574,2.973001
3,55,toe_r,41.135199,-78.633133,19.934086
3,56,back_r,18.040728,-6.980806,-4.025724
3,57,biceps_twist_l,-25.644489,32.864915,-10.466460
3,58,biceps_twist_r,14.796413,30.917231,23.072448
3,59,thigh_twist_l,-16.112479,-12.708927,-1.809198
3,60,thigh_twist_r,17.984296,-17.388538,14.033709
4,0,pelvis,7.808594,-6.000000,-4.265625
4,1,stomach,6.384947,4.499805,-1.197107
4,2,chest,3.880460,21.390269,3.650832
4,3,neck,-6.402429,47.717828,10.806863
4,4,head,-11.630617,58.800557,16.922483
4,5,hair,-10.629129,74.011932,19.203806
4,7,zero_joint_hand_l,3.879331,21.391188,3.653974
4,8,clavicle_l,-6.824565,43.421775,8.509568
4,9,arm_l,-18.026980,38.789093,-5.423805
4,10,forearm_l,-36.587551,17.417169,-11.508994
4,11,forearm_twist_l,-45.679469,10.716204,-7.644016
4,12,hand_l,-55.338177,3.610142,-3.546494
4,13,weapon_l,-63.585503,1.059388,-0.950345
4,14,f_big1_l,-58.155828,3.651078,1.813039
4,15,f_big2_l,-60.169099,1.822334,4.628027
4,16,f_big3_l,-62.860847,-1.435479,4.019541
4,17,f_main1_l,-66.624736,1.912760,-2.824074
4,18,f_main2_l,-64.744678,-2.083204,-0.527706
4,19,f_main3_l,-60.258454,-0.711973,0.314572
4,20,f_pointer1_l,-65.964808,4.346668,1.846294
4,21,f_pointer2_l,-67.675227,0.432506,3.105787
4,22,f_pointer3_l,-64.462872,-0.663014,3.615406
4,23,scapular_l,-17.811227,46.327485,-2.708471
4,24,chest_l,-17.272705,22.071663,6.968946
4,25,zero_joint_hand_r,3.879331,21.391188,3.653974
4,26,clavicle_r,-4.530042,43.360714,12.026480
4,27,arm_r,10.167660,36.240461,20.650534
4,28,forearm_r,9.125045,9.399941,31.457150
4,29,forearm_twist_r,-1.503568,4.122504,32.755290
4,30,hand_r,-12.786385,-1.475915,34.145331
4,31,weapon_r,-20.431445,-3.616694,35.419712
4,32,f_big1_r,-18.506106,0.471515,32.448675
4,33,f_big2_r,-22.403902,-0.451183,31.412444
4,34,f_big3_r,-24.611297,-4.322564,32.873027
4,35,f_main1_r,-21.829476,-3.771895,40.561054
4,36,f_main2_r,-22.598454,-6.122736,36.528734
4,37,f_main3_r,-19.399965,-4.820293,33.735012
4,38,f_pointer1_r,-24.102630,0.306490,38.049464
4,39,f_pointer2_r,-26.122051,-3.071325,35.702576
4,40,f_pointer3_r,-23.704442,-2.630276,33.243379
4,41,scapular_r,8.900356,44.148887,20.625550
4,42,chest_r,-7.633848,21.819572,21.712875
4,43,zero_joint_pelvis_l,7.808415,-5.998880,-4.262354
4,44,thigh_l,0.305476,-5.150114,-9.535339
4,45,calf_l,-38.112447,-30.212630,7.873350
4,46,foot_l,-45.961410,-68.368979,-5.308168
4,47,toe_l,-59.655364,-78.525624,6.381329
4,48,back_l,7.366122,-7.797623,-17.818354
4,51,zero_joint_pelvis_r,7.808415,-5.998880,-4.262354
4,52,thigh_r,13.435271,-7.023713,2.956327
4,53,calf_r,30.293360,-42.084347,32.850905
4,54,foot_r,39.650728,-68.473127,2.728859
4,55,toe_r,44.586696,-78.680897,20.009073
4,56,back_r,20.955907,-9.733089,-4.891148
4,57,biceps_twist_l,-26.947247,28.518436,-8.346747
4,58,biceps_twist_r,9.668421,23.348359,25.839779
4,59,thigh_twist_l,-13.837208,-14.907578,-3.491539
4,60,thigh_twist_r,19.882241,-20.366634,13.546643
5,0,pelvis,10.089844,-11.062500,-6.296875
5,1,stomach,7.759538,-0.834009,-2.885698
5,2,chest,3.892052,14.819595,4.535217
5,3,neck,-9.341010,38.537519,15.138663
5,4,head,-16.374374,47.273670,23.011854
5,5,hair,-14.337684,62.365832,25.393422
5,7,zero_joint_hand_l,3.890575,14.819832,4.538340
5,8,clavicle_l,-9.167870,34.719673,12.086753
5,9,arm_l,-19.138949,30.572456,-2.895667
5,10,forearm_l,-38.657380,10.478760,-10.213978
5,11,forearm_twist_l,-47.704357,3.462303,-6.833819
5,12,hand_l,-57.315384,-3.977972,-3.249560
5,13,weapon_l,-65.364484,-7.523919,-1.352674
5,14,f_big1_l,-60.155030,-5.180959,1.961453
5,15,f_big2_l,-62.123014,-7.634064,4.291885
5,16,f_big3_l,-64.710216,-10.759979,2.963744
5,17,f_main1_l,-68.547230,-6.119888,-3.032180
5,18,f_main2_l,-66.617498,-10.496466,-1.654668
5,19,f_main3_l,-62.286160,-9.182527,-0.161658
5,20,f_pointer1_l,-67.981562,-4.736805,2.062860
5,21,f_pointer2_l,-70.160236,-8.611326,2.334993
5,22,f_pointer3_l,-67.113150,-10.155147,2.668315
5,23,scapular_l,-20.100424,37.613670,0.802989
5,24,chest_l,-17.442409,13.302677,5.747781
5,25,zero_joint_hand_r,3.890575,14.819832,4.538340
5,26,clavicle_r,-7.190350,34.181736,15.754680
5,27,arm_r,7.145179,26.721365,24.695050
5,28,forearm_r,-0.566527,0.884386,35.243207
5,29,forearm_twist_r,-11.047933,-4.817125,34.873298
5,30,hand_r,-22.176974,-10.864921,34.492402
5,31,weapon_r,-29.542685,-14.000939,36.640301
5,32,f_big1_r,-28.163951,-10.057581,32.792215
5,33,f_big2_r,-31.913360,-11.678830,32.135378
5,34,f_big3_r,-33.492778,-15.499413,34.349451
5,35,f_main1_r,-30.608446,-13.221248,41.673525
5,36,f_main2_r,-31.138829,-16.330014,38.147670
5,37,f_main3_r,-28.242464,-15.110843,35.008201
5,38,f_pointer1_r,-33.519289,-10.004267,38.626139
5,39,f_pointer2_r,-35.090346,-13.989491,36.999687
5,40,f_pointer3_r,-32.831388,-13.659138,34.377669
5,41,scapular_r,5.969576,34.300036,25.482516
5,42,chest_r,-9.136896,11.053802,21.120340
5,43,zero_joint_pelvis_l,10.089282,-11.061568,-6.293588
5,44,thigh_l,3.096351,-10.336997,-12.242771
5,45,calf_l,-37.291395,-30.016154,7.472444
5,46,foot_l,-45.537110,-68.325235,-5.005059
5,47,toe_l,-59.638876,-78.474166,6.196082
5,48,back_l,11.070768,-12.153074,-19.896586
5,51,zero_joint_pelvis_r,10.089282,-11.061568,-6.293588
5,52,thigh_r,15.040578,-12.166569,1.392907
5,53,calf_r,31.292418,-45.256690,33.766517
5,54,foot_r,44.426757,-68.456028,2.452853
5,55,toe_r,47.838153,-78.689732,20.082425
5,56,back_r,23.432698,-14.043234,-5.784502
5,57,biceps_twist_l,-28.514204,20.921336,-6.409105
5,58,biceps_twist_r,3.442883,14.310999,29.760581
5,59,thigh_twist_l,-11.828590,-18.138188,-5.304565
5,60,thigh_twist_r,21.340401,-24.770324,12.934543
6,0,pelvis,11.839844,-16.500000,-8.164062
6,1,stomach,8.577033,-6.646758,-4.428268
6,2,chest,3.286644,7.203898,5.330517
6,3,neck,-12.720807,26.864373,19.728924
6,4,head,-21.312821,33.184193,28.331997
6,5,hair,-18.496318,47.935578,31.804358
6,7,zero_joint_hand_l,3.284999,7.203331,5.333511
6,8,clavicle_l,-12.022968,23.821399,15.964178
6,9,arm_l,-20.975519,21.181611,0.027489
6,10,forearm_l,-40.506487,2.386733,-10.149806
6,11,forearm_twist_l,-49.281183,-4.879249,-6.584114
6,12,hand_l,-58.603314,-12.584124,-2.801361
6,13,weapon_l,-66.387953,-17.244091,-1.484165
6,14,f_big1_l,-61.322267,-14.845558,2.117452
6,15,f_big2_l,-63.099269,-17.789447,3.987547
6,16,f_big3_l,-65.464676,-20.822243,2.133976
6,17,f_main1_l,-69.653778,-15.521397,-3.022904
6,18,f_main2_l,-67.461274,-19.949416,-2.421566
6,19,f_main3_l,-63.359127,-18.643401,-0.376345
6,20,f_pointer1_l,-69.160383,-14.979712,2.235943
6,21,f_pointer2_l,-71.634409,-18.656321,1.795039
6,22,f_pointer3_l,-68.719680,-20.467943,1.836531
6,23,scapular_l,-23.075110,27.165015,4.923811
6,24,chest_l,-17.828905,3.641014,4.722230
6,25,zero_joint_hand_r,3.284999,7.203331,5.333511
6,26,clavicle_r,-10.185128,22.678519,19.565541
6,27,arm_r,4.106693,16.617412,29.570619
6,28,forearm_r,-10.363530,-6.957490,38.121650
6,29,forearm_twist_r,-20.485085,-13.115715,36.660723
6,30,hand_r,-31.234217,-19.647122,35.120149
6,31,weapon_r,-38.265464,-24.179919,38.094750
6,32,f_big1_r,-37.269168,-20.387244,33.565184
6,33,f_big2_r,-40.596914,-22.834691,33.332717
6,34,f_big3_r,-41.318137,-26.481320,36.192008
6,35,f_main1_r,-38.925560,-22.481058,42.931845
6,36,f_main2_r,-38.814243,-26.169663,39.972253
6,37,f_main3_r,-36.263389,-24.911966,36.560081
6,38,f_pointer1_r,-42.471977,-20.482817,39.535008
6,39,f_pointer2_r,-43.178987,-24.919177,38.632562
6,40,f_pointer3_r,-41.059683,-24.565387,35.899361
6,41,scapular_r,2.343620,23.667798,30.838543
6,42,chest_r,-10.109463,-1.141874,19.818215
6,43,zero_joint_pelvis_l,11.838913,-16.499307,-8.160801
6,44,thigh_l,5.420546,-15.788653,-14.727261
6,45,calf_l,-36.386825,-29.828331,6.770647
6,46,foot_l,-45.192887,-68.317347,-4.732158
6,47,toe_l,-59.630131,-78.442379,6.055606
6,48,back_l,14.190329,-16.685430,-21.637909
6,51,zero_joint_pelvis_r,11.838913,-16.499307,-8.160801
6,52,thigh_r,16.083847,-17.809414,-0.093254
6,53,calf_r,31.818038,-49.177823,34.193583
6,54,foot_r,48.915747,-68.511839,2.175933
6,55,toe_r,50.609177,-78.650813,20.106400
6,56,back_r,25.227138,-18.773009,-6.492883
6,57,biceps_twist_l,-30.356754,12.153998,-4.859068
6,58,biceps_twist_r,-2.841763,5.293235,33.677413
6,59,thigh_twist_l,-10.084152,-21.529842,-7.085651
6,60,thigh_twist_r,22.268671,-29.748739,12.193007
7,0,pelvis,13.011719,-21.000000,-9.531250
7,1,stomach,8.913295,-11.656916,-5.336231
7,2,chest,2.353269,0.435588,5.879836
7,3,neck,-15.298697,16.024305,23.069569
7,4,head,-24.625603,21.048161,31.761253
7,5,hair,-22.489304,35.332649,37.144836
7,7,zero_joint_hand_l,2.351655,0.434390,5.882654
7,8,clavicle_l,-14.329378,13.734146,18.858202
7,9,arm_l,-22.975705,13.060155,2.552329
7,10,forearm_l,-42.443671,-4.341090,-9.956806
7,11,forearm_twist_l,-50.745618,-12.036440,-6.166926
7,12,hand_l,-59.566124,-20.197136,-2.144717
7,13,weapon_l,-67.109163,-25.754930,-1.201688
7,14,f_big1_l,-62.053055,-23.188175,2.499674
7,15,f_big2_l,-63.593235,-26.442206,4.031067
7,16,f_big3_l,-65.764697,-29.406657,1.857260
7,17,f_main1_l,-70.385535,-23.869246,-2.637273
7,18,f_main2_l,-67.914306,-28.189814,-2.593369
7,19,f_main3_l,-64.029912,-26.921794,-0.139805
7,20,f_pointer1_l,-69.860280,-23.891658,2.645366
7,21,f_pointer2_l,-72.611408,-27.294876,1.819457
7,22,f_pointer3_l,-69.839963,-29.300537,1.543958
7,23,scapular_l,-25.735589,17.761629,8.422828
7,24,chest_l,-18.398948,-4.620730,4.233722
7,25,zero_joint_hand_r,2.351655,0.434390,5.882654
7,26,clavicle_r,-12.430864,12.140631,22.250841
7,27,arm_r,1.279553,8.086988,33.942171
7,28,forearm_r,-17.989694,-12.873726,39.198417
7,29,forearm_twist_r,-27.805954,-19.549528,37.941980
7,30,hand_r,-38.231719,-26.629345,36.616806
7,31,weapon_r,-44.924689,-32.471144,40.172400
7,32,f_big1_r,-44.010796,-28.671885,35.268983
7,33,f_big2_r,-46.798020,-31.728727,35.339819
7,34,f_big3_r,-46.786125,-35.152440,38.544768
7,35,f_main1_r,-45.200816,-30.132491,44.824740
7,36,f_main2_r,-44.380536,-33.997794,42.223979
7,37,f_main3_r,-42.133726,-32.605091,38.654130
7,38,f_pointer1_r,-49.078331,-29.197160,41.332095
7,39,f_pointer2_r,-48.908656,-33.756310,40.866555
7,40,f_pointer3_r,-46.906147,-33.264226,38.067482
7,41,scapular_r,-1.233703,14.636481,35.249305
7,42,chest_r,-10.425861,-11.291466,18.456441
7,43,zero_joint_pelvis_l,13.010489,-20.999622,-9.528036
7,44,thigh_l,7.116926,-20.069545,-16.543713
7,45,calf_l,-35.517062,-29.660545,5.760654
7,46,foot_l,-44.955337,-68.335869,-4.554574
7,47,toe_l,-59.627610,-78.403171,5.966832
7,48,back_l,16.455132,-19.967625,-22.729008
7,51,zero_joint_pelvis_r,13.010489,-20.999622,-9.528036
7,52,thigh_r,16.653386,-22.755118,-1.253611
7,53,calf_r,32.033775,-53.158026,34.048455
7,54,foot_r,52.589245,-68.576692,1.939219
7,55,toe_r,52.713520,-78.530993,20.051838
7,56,back_r,26.324762,-22.743708,-6.904195
7,57,biceps_twist_l,-32.326879,4.701786,-3.454085
7,58,biceps_twist_r,-7.974061,-1.981808,36.466806
7,59,thigh_twist_l,-8.732918,-24.180011,-8.566430
7,60,thigh_twist_r,22.770249,-34.296703,11.439992
8,0,pelvis,13.621094,-23.500000,-10.171875
8,1,stomach,8.997793,-14.682023,-5.422470
8,2,chest,1.559378,-3.489183,6.172920
8,3,neck,-16.700748,9.948655,24.505384
8,4,head,-26.107229,14.816426,33.200130
8,5,hair,-25.008434,28.693739,39.818751
8,7,zero_joint_hand_l,1.557847,-3.490656,6.175654
8,8,clavicle_l,-15.653773,8.012442,20.137890
8,9,arm_l,-24.432030,8.480206,3.895411
8,10,forearm_l,-44.327302,-8.069833,-9.087571
8,11,forearm_twist_l,-52.190540,-16.207007,-5.284965
8,12,hand_l,-60.545475,-24.836889,-1.248054
8,13,weapon_l,-67.973065,-30.766915,-0.381875
8,14,f_big1_l,-62.859536,-28.109038,3.295037
8,15,f_big2_l,-64.269146,-31.476346,4.702214
8,16,f_big3_l,-66.379338,-34.415233,2.428055
8,17,f_main1_l,-71.246971,-28.839124,-1.744826
8,18,f_main2_l,-68.657444,-33.084439,-1.963948
8,19,f_main3_l,-64.919335,-31.894996,0.743147
8,20,f_pointer1_l,-70.636581,-29.075626,3.523396
8,21,f_pointer2_l,-73.739822,-32.145923,2.642506
8,22,f_pointer3_l,-71.192166,-34.390836,2.143090
8,23,scapular_l,-27.406832,12.372361,10.234557
8,24,chest_l,-18.930388,-9.445157,4.268602
8,25,zero_joint_hand_r,1.557847,-3.490656,6.175654
8,26,clavicle_r,-13.651306,6.280231,23.400285
8,27,arm_r,-0.723030,3.199139,36.224531
8,28,forearm_r,-21.301920,-16.716346,40.486718
8,29,forearm_twist_r,-31.114892,-23.497723,40.015095
8,30,hand_r,-41.536544,-30.689645,39.523273
8,31,weapon_r,-47.831709,-37.262015,43.271999
8,32,f_big1_r,-47.103513,-33.335976,38.343395
8,33,f_big2_r,-49.553466,-36.665901,38.508434
8,34,f_big3_r,-49.100946,-40.039702,41.734332
8,35,f_main1_r,-47.887401,-34.822802,47.937026
8,36,f_main2_r,-46.736110,-38.602444,45.342940
8,37,f_main3_r,-44.739751,-37.016532,41.705489
8,38,f_pointer1_r,-51.930311,-34.329326,44.542929
8,39,f_pointer2_r,-51.297193,-38.850028,44.102745
8,40,f_pointer3_r,-49.429638,-38.177573,41.248443
8,41,scapular_r,-3.649761,9.496538,37.426135
8,42,chest_r,-10.521998,-16.696671,17.945922
8,43,zero_joint_pelvis_l,13.619689,-23.499940,-10.168711
8,44,thigh_l,8.065188,-22.137111,-17.387373
8,45,calf_l,-35.096979,-29.480228,4.753876
8,46,foot_l,-44.868921,-68.342391,-4.493126
8,47,toe_l,-59.633233,-78.372982,5.934170
8,48,back_l,17.695444,-21.220942,-23.034869
8,51,zero_joint_pelvis_r,13.619689,-23.499940,-10.168711
8,52,thigh_r,16.891341,-25.860484,-1.889660
8,53,calf_r,31.882170,-56.297295,33.550495
8,54,foot_r,54.923550,-68.608203,1.788851
8,55,toe_r,53.993215,-78.398036,19.967459
8,56,back_r,26.833595,-25.072739,-6.988266
8,57,biceps_twist_l,-33.988099,0.530289,-2.338701
8,58,biceps_twist_r,-10.605785,-6.367702,38.271596
8,59,thigh_twist_l,-7.994021,-25.424602,-9.447302
8,60,thigh_twist_r,22.904887,-37.376149,10.876642
9,0,pelvis,13.964844,-24.656250,-10.390625
9,1,stomach,9.060460,-16.333749,-5.064137
9,2,chest,0.994566,-5.334369,6.294461
9,3,neck,-17.485551,7.409037,24.900315
9,4,head,-26.686592,12.711646,33.560503
9,5,hair,-26.322654,26.388972,40.659210
9,7,zero_joint_hand_l,0.993097,-5.335911,6.297191
9,8,clavicle_l,-16.419483,5.546977,20.505286
9,9,arm_l,-25.354362,6.406995,4.364560
9,10,forearm_l,-46.023718,-9.868075,-7.726070
9,11,forearm_twist_l,-53.595574,-18.348052,-4.084516
9,12,hand_l,-61.641158,-27.342038,-0.217574
9,13,weapon_l,-69.055985,-33.271241,0.755819
9,14,f_big1_l,-63.871169,-30.637437,4.350676
9,15,f_big2_l,-65.251568,-34.013096,5.766720
9,16,f_big3_l,-67.396781,-36.945089,3.516567
9,17,f_main1_l,-72.344378,-31.357064,-0.545156
9,18,f_main2_l,-69.763961,-35.601915,-0.860117
9,19,f_main3_l,-66.123219,-34.513419,2.016849
9,20,f_pointer1_l,-71.641750,-31.615940,4.710504
9,21,f_pointer2_l,-75.125576,-34.282063,3.943945
9,22,f_pointer3_l,-72.888745,-36.807068,3.310964
9,23,scapular_l,-28.397460,9.928931,10.885210
9,24,chest_l,-19.338377,-11.831206,4.479773
9,25,zero_joint_hand_r,0.993097,-5.335911,6.297191
9,26,clavicle_r,-14.345336,3.837230,23.734577
9,27,arm_r,-1.930030,0.741559,37.052676
9,28,forearm_r,-21.835839,-19.507362,42.711606
9,29,forearm_twist_r,-31.838041,-26.017001,43.002248
9,30,hand_r,-42.459073,-32.921242,43.321025
9,31,weapon_r,-48.287298,-39.766016,46.989787
9,32,f_big1_r,-47.963840,-35.750644,42.282588
9,33,f_big2_r,-50.271395,-39.181559,42.430599
9,34,f_big3_r,-49.546006,-42.643001,45.510530
9,35,f_main1_r,-48.268976,-37.597966,51.840638
9,36,f_main2_r,-47.084085,-41.236094,49.065659
9,37,f_main3_r,-45.312273,-39.445968,45.406731
9,38,f_pointer1_r,-52.472634,-37.152764,48.640557
9,39,f_pointer2_r,-51.681585,-41.625958,48.011184
9,40,f_pointer3_r,-49.967727,-40.779775,45.107107
9,41,scapular_r,-4.987579,6.984451,38.213092
9,42,chest_r,-10.629772,-18.988188,18.018324
9,43,zero_joint_pelvis_l,13.963344,-24.656476,-10.387513
9,44,thigh_l,8.606877,-22.763614,-17.636251
9,45,calf_l,-35.014163,-29.302345,3.848136
9,46,foot_l,-44.867487,-68.345654,-4.506360
9,47,toe_l,-59.631486,-78.376470,5.921162
9,48,back_l,18.386379,-21.244537,-22.883075
9,51,zero_joint_pelvis_r,13.963344,-24.656476,-10.387513
9,52,thigh_r,17.022437,-27.663606,-2.237808
9,53,calf_r,31.092652,-58.577050,33.167235
9,54,foot_r,55.626070,-68.634502,1.731193
9,55,toe_r,54.361391,-78.364242,19.921874
9,56,back_r,27.099340,-26.314648,-6.938988
9,57,biceps_twist_l,-35.282062,-1.411004,-1.440909
9,58,biceps_twist_r,-11.489602,-8.985381,39.770216
9,59,thigh_twist_l,-7.620145,-25.759713,-9.925371
9,60,thigh_twist_r,22.719845,-39.332935,10.533960
10,0,pelvis,13.980469,-25.093750,-10.359375
10,1,stomach,8.741057,-17.055136,-4.917159
10,2,chest,-0.166697,-6.754220,6.467297
10,3,neck,-18.515533,5.541955,25.499143
10,4,head,-27.474097,11.490449,33.992390
10,5,hair,-27.370945,25.137922,41.156827
10,7,zero_joint_hand_l,-0.168070,-6.755799,6.470055
10,8,clavicle_l,-17.504745,3.710692,21.078184
10,9,arm_l,-25.778038,4.778404,4.600704
10,10,forearm_l,-47.340005,-11.758445,-5.394177
10,11,forearm_twist_l,-55.052755,-20.227513,-2.033772
10,12,hand_l,-63.247666,-29.209862,1.535162
10,13,weapon_l,-70.634088,-35.138385,2.701397
10,14,f_big1_l,-65.355801,-32.506972,6.159326
10,15,f_big2_l,-66.698298,-35.883585,7.609094
10,16,f_big3_l,-68.901857,-38.814588,5.414732
10,17,f_main1_l,-73.955641,-33.225641,1.488132
10,18,f_main2_l,-71.386844,-37.469670,1.080538
10,19,f_main3_l,-67.777604,-36.450488,4.021893
10,20,f_pointer1_l,-73.113834,-33.487390,6.724143
10,21,f_pointer2_l,-76.847634,-35.837081,6.115366
10,22,f_pointer3_l,-74.869809,-38.542837,5.375829
10,23,scapular_l,-29.117959,8.159534,11.050204
10,24,chest_l,-20.382934,-13.706210,5.087379
10,25,zero_joint_hand_r,-0.168070,-6.755799,6.470055
10,26,clavicle_r,-15.321981,2.043655,24.257834
10,27,arm_r,-3.105279,-0.855164,37.801975
10,28,forearm_r,-22.274573,-21.387983,44.818029
10,29,forearm_twist_r,-32.286097,-27.833712,45.670021
10,30,hand_r,-42.916320,-34.670197,46.585074
10,31,weapon_r,-49.000768,-41.487987,50.441748
10,32,f_big1_r,-48.467553,-37.396876,45.519543
10,33,f_big2_r,-50.842298,-40.781713,45.665663
10,34,f_big3_r,-50.205748,-44.242999,48.765355
10,35,f_main1_r,-48.875714,-39.195916,55.082957
10,36,f_main2_r,-47.742127,-42.868530,52.332078
10,37,f_main3_r,-45.910405,-41.129178,48.678166
10,38,f_pointer1_r,-53.047325,-38.683363,51.851176
10,39,f_pointer2_r,-52.338962,-43.173811,51.246675
10,40,f_pointer3_r,-50.589286,-42.374264,48.353099
10,41,scapular_r,-6.208548,5.385367,38.848183
10,42,chest_r,-11.219213,-20.683840,18.417550
10,43,zero_joint_pelvis_l,13.978897,-25.094106,-10.356311
10,44,thigh_l,8.762524,-23.109665,-17.682314
10,45,calf_l,-35.171169,-29.147869,3.305769
10,46,foot_l,-44.856038,-68.346353,-4.501136
10,47,toe_l,-59.620343,-78.377456,5.925677
10,48,back_l,18.631344,-21.200934,-22.625850
10,51,zero_joint_pelvis_r,13.978897,-25.094106,-10.356311
10,52,thigh_r,16.903811,-28.273733,-2.222836
10,53,calf_r,29.894555,-59.978258,32.894007
10,54,foot_r,55.320065,-68.620816,1.747333
10,55,toe_r,54.179105,-78.374525,19.933358
10,56,back_r,27.060228,-26.544499,-6.618481
10,57,biceps_twist_l,-36.134311,-3.165326,-0.198104
10,58,biceps_twist_r,-12.311167,-10.718413,41.171210
10,59,thigh_twist_l,-7.577993,-25.924967,-10.144935
10,60,thigh_twist_r,22.214815,-40.224731,10.454650
11,0,pelvis,13.683594,-25.093750,-10.125000
11,1,stomach,8.091265,-17.016348,-5.108038
11,2,chest,-0.933700,-7.311099,6.699625
11,3,neck,-19.439106,4.548020,25.856822
11,4,head,-28.289371,10.624612,34.372896
11,5,hair,-28.297774,24.272674,41.536949
11,7,zero_joint_hand_l,-0.935026,-7.312713,6.702386
11,8,clavicle_l,-18.412586,2.750167,21.425786
11,9,arm_l,-26.285941,3.907278,4.759470
11,10,forearm_l,-48.307284,-12.966344,-3.524542
11,11,forearm_twist_l,-56.217928,-21.317362,-0.332970
11,12,hand_l,-64.622732,-30.174298,3.056781
11,13,weapon_l,-71.976906,-36.104851,4.413380
11,14,f_big1_l,-66.613737,-33.466830,7.731938
11,15,f_big2_l,-67.919041,-36.842294,9.217883
11,16,f_big3_l,-70.177296,-39.774981,7.082193
11,17,f_main1_l,-75.328685,-34.189253,3.285090
11,18,f_main2_l,-72.771152,-38.432938,2.808817
11,19,f_main3_l,-69.125753,-37.435858,5.712928
11,20,f_pointer1_l,-74.354138,-34.446807,8.498236
11,21,f_pointer2_l,-78.175612,-36.681464,8.012865
11,22,f_pointer3_l,-76.306077,-39.446327,7.212726
11,23,scapular_l,-29.824631,7.177317,11.160072
11,24,chest_l,-21.007184,-14.679876,5.400808
11,25,zero_joint_hand_r,-0.935026,-7.312713,6.702386
11,26,clavicle_r,-16.179550,1.120502,24.589863
11,27,arm_r,-4.381479,-1.720712,38.512068
11,28,forearm_r,-23.142750,-22.144208,46.829458
11,29,forearm_twist_r,-33.037958,-28.688516,48.156417
11,30,hand_r,-43.544634,-35.629211,49.575214
11,31,weapon_r,-49.482980,-42.437117,53.587052
11,32,f_big1_r,-49.122242,-38.364536,48.681682
11,33,f_big2_r,-51.487130,-41.752212,48.902656
11,34,f_big3_r,-50.751628,-45.210471,51.983771
11,35,f_main1_r,-49.235451,-40.156275,58.254547
11,36,f_main2_r,-48.181909,-43.829431,55.472747
11,37,f_main3_r,-46.465076,-42.090468,51.763282
11,38,f_pointer1_r,-53.504646,-39.651262,55.151582
11,39,f_pointer2_r,-52.809258,-44.141266,54.528989
11,40,f_pointer3_r,-51.149672,-43.341634,51.582840
11,41,scapular_r,-7.542956,4.506686,39.457378
11,42,chest_r,-11.632945,-21.500570,18.665662
11,43,zero_joint_pelvis_l,13.681963,-25.094038,-10.121960
11,44,thigh_l,8.580605,-23.539690,-17.630557
11,45,calf_l,-35.487228,-29.096428,3.208773
11,46,foot_l,-44.990683,-68.355361,-4.516913
11,47,toe_l,-59.751047,-78.386060,5.915865
11,48,back_l,18.501563,-21.525334,-22.425596
11,51,zero_joint_pelvis_r,13.681963,-25.094038,-10.121960
11,52,thigh_r,16.509221,-27.879944,-1.811490
11,53,calf_r,28.815196,-60.589499,32.623622
11,54,foot_r,54.801789,-68.618329,1.777219
11,55,toe_r,53.873442,-78.408132,19.955945
11,56,back_r,26.710137,-26.015920,-6.046048
11,57,biceps_twist_l,-36.868695,-4.202716,0.780216
11,58,biceps_twist_r,-13.391400,-11.531450,42.506379
11,59,thigh_twist_l,-7.812358,-26.178351,-10.143318
11,60,thigh_twist_r,21.571198,-40.195959,10.616056
12,0,pelvis,13.386719,-24.843750,-9.703125
12,1,stomach,7.650442,-16.887933,-4.654503
12,2,chest,-1.830452,-7.321422,6.906520
12,3,neck,-20.469693,4.209265,26.134335
12,4,head,-29.415122,9.941780,34.788424
12,5,hair,-29.486247,23.655663,41.825305
12,7,zero_joint_hand_l,-1.831782,-7.323077,6.909255
12,8,clavicle_l,-19.416642,2.472023,21.685380
12,9,arm_l,-26.951606,3.418928,4.850226
12,10,forearm_l,-49.223837,-13.578372,-2.452033
12,11,forearm_twist_l,-57.328689,-21.741945,0.737227
12,12,hand_l,-65.939556,-30.399712,4.124333
12,13,weapon_l,-73.274712,-36.330826,5.608466
12,14,f_big1_l,-67.843095,-33.701536,8.829641
12,15,f_big2_l,-69.120029,-37.079728,10.333932
12,16,f_big3_l,-71.417019,-40.009410,8.235722
12,17,f_main1_l,-76.638465,-34.418102,4.543037
12,18,f_main2_l,-74.089147,-38.660920,4.017554
12,19,f_main3_l,-70.365577,-37.651137,6.816172
12,20,f_pointer1_l,-75.568017,-34.684069,9.736915
12,21,f_pointer2_l,-79.347194,-36.998951,9.298664
12,22,f_pointer3_l,-77.430180,-39.721802,8.467417
12,23,scapular_l,-30.617637,6.769994,11.136236
12,24,chest_l,-21.863264,-14.767556,5.432713
12,25,zero_joint_hand_r,-1.831782,-7.323077,6.909255
12,26,clavicle_r,-17.188769,0.813291,24.837973
12,27,arm_r,-5.569975,-1.780353,38.957866
12,28,forearm_r,-24.142990,-21.971880,48.211451
12,29,forearm_twist_r,-33.948664,-28.565664,49.906950
12,30,hand_r,-44.360265,-35.558523,51.716630
12,31,weapon_r,-50.386422,-42.376223,55.800576
12,32,f_big1_r,-49.956955,-38.250275,50.812277
12,33,f_big2_r,-52.346558,-41.621196,51.023384
12,34,f_big3_r,-51.638827,-45.091848,54.097059
12,35,f_main1_r,-50.091157,-40.064391,60.380610
12,36,f_main2_r,-49.061672,-43.738611,57.591217
12,37,f_main3_r,-47.329114,-42.003510,53.887259
12,38,f_pointer1_r,-54.353934,-39.521184,57.275272
12,39,f_pointer2_r,-53.690793,-44.014649,56.642549
12,40,f_pointer3_r,-52.023200,-43.220189,53.699524
12,41,scapular_r,-8.847296,4.398093,39.826936
12,42,chest_r,-12.510726,-21.710047,18.649611
12,43,zero_joint_pelvis_l,13.385112,-24.844072,-9.700075
12,44,thigh_l,8.206891,-23.402909,-17.178574
12,45,calf_l,-35.844877,-29.096091,3.657892
12,46,foot_l,-44.987475,-68.350847,-4.511726
12,47,toe_l,-59.749508,-78.380897,5.919316
12,48,back_l,18.053292,-21.175468,-22.032678
12,51,zero_joint_pelvis_r,13.385112,-24.844072,-9.700075
12,52,thigh_r,16.321249,-27.565546,-1.406026
12,53,calf_r,28.474930,-60.897767,32.481731
12,54,foot_r,54.738937,-68.614816,1.791100
12,55,toe_r,53.836045,-78.408626,19.968949
12,56,back_r,26.454114,-25.482165,-5.701292
12,57,biceps_twist_l,-37.654914,-4.750422,1.342795
12,58,biceps_twist_r,-14.489461,-11.479694,43.401890
12,59,thigh_twist_l,-8.180269,-26.090596,-9.696072
12,60,thigh_twist_r,21.328328,-40.106175,10.817456
13,0,pelvis,12.871094,-24.406250,-9.343750
13,1,stomach,7.295090,-16.316857,-4.327937
13,2,chest,-2.346201,-6.639860,7.006260
13,3,neck,-21.338636,4.594219,26.063274
13,4,head,-30.425347,9.785978,34.909346
13,5,hair,-30.569247,23.521439,41.902896
13,7,zero_joint_hand_l,-2.347570,-6.641554,7.008952
13,8,clavicle_l,-20.206471,2.915387,21.611338
13,9,arm_l,-28.207866,3.774952,4.988054
13,10,forearm_l,-50.217866,-13.429762,-2.617285
13,11,forearm_twist_l,-58.331302,-21.427964,0.947102
13,12,hand_l,-66.951377,-29.910095,4.731835
13,13,weapon_l,-74.111509,-36.045711,6.382437
13,14,f_big1_l,-68.694758,-33.222954,9.491144
13,15,f_big2_l,-69.858543,-36.621297,11.041174
13,16,f_big3_l,-72.109667,-39.626996,9.001581
13,17,f_main1_l,-77.532874,-34.204569,5.347339
13,18,f_main2_l,-74.876677,-38.383316,4.838192
13,19,f_main3_l,-71.035646,-37.177585,7.389552
13,20,f_pointer1_l,-76.376248,-34.400702,10.525824
13,21,f_pointer2_l,-79.846353,-37.156029,10.079277
13,22,f_pointer3_l,-77.610668,-39.631757,9.271677
13,23,scapular_l,-31.734501,7.092909,11.370628
13,24,chest_l,-22.327148,-14.129471,5.109404
13,25,zero_joint_hand_r,-2.347570,-6.641554,7.008952
13,26,clavicle_r,-18.025493,1.224744,24.779730
13,27,arm_r,-6.515932,-1.040848,39.044786
13,28,forearm_r,-24.407741,-21.040701,49.915507
13,29,forearm_twist_r,-34.162589,-27.698652,51.652907
13,30,hand_r,-44.520969,-34.758931,53.505711
13,31,weapon_r,-50.489100,-41.954611,57.307582
13,32,f_big1_r,-50.064425,-37.486992,52.403847
13,33,f_big2_r,-52.393818,-40.906292,52.389658
13,34,f_big3_r,-51.636803,-44.550675,55.242581
13,35,f_main1_r,-50.206295,-39.902012,61.838381
13,36,f_main2_r,-49.099432,-43.374069,58.828378
13,37,f_main3_r,-47.382648,-41.378521,55.250378
13,38,f_pointer1_r,-54.464914,-39.240572,58.750468
13,39,f_pointer2_r,-53.718224,-43.672690,57.839357
13,40,f_pointer3_r,-52.052287,-42.664238,54.959309
13,41,scapular_r,-10.034309,5.003906,39.911117
13,42,chest_r,-13.171250,-21.205710,18.392888
13,43,zero_joint_pelvis_l,12.869597,-24.406486,-9.340637
13,44,thigh_l,7.425588,-23.192978,-16.669282
13,45,calf_l,-36.331227,-29.210070,4.691070
13,46,foot_l,-44.990871,-68.344384,-4.516628
13,47,toe_l,-59.751019,-78.375992,5.915583
13,48,back_l,17.087508,-21.090528,-21.932590
13,51,zero_joint_pelvis_r,12.869597,-24.406486,-9.340637
13,52,thigh_r,16.104721,-26.880591,-1.080254
13,53,calf_r,28.544041,-60.584561,32.332838
13,54,foot_r,54.876465,-68.608308,1.779792
13,55,toe_r,53.911514,-78.389471,19.961263
13,56,back_r,26.073836,-24.904718,-5.791541
13,57,biceps_twist_l,-38.785254,-4.493960,1.334960
13,58,biceps_twist_r,-15.108103,-10.648133,44.265752
13,59,thigh_twist_l,-8.857136,-25.995663,-9.003229
13,60,thigh_twist_r,21.214593,-39.555483,10.960845
14,0,pelvis,12.199219,-23.843750,-8.890625
14,1,stomach,6.923191,-15.495296,-3.975818
14,2,chest,-2.716829,-5.551514,7.126163
14,3,neck,-22.005548,5.603448,25.930393
14,4,head,-31.351941,10.131514,34.870036
14,5,hair,-31.732375,23.903216,41.782982
14,7,zero_joint_hand_l,-2.718237,-5.553217,7.128828
14,8,clavicle_l,-20.804735,3.939958,21.490701
14,9,arm_l,-29.303305,4.815801,5.116882
14,10,forearm_l,-50.852563,-12.709597,-3.054612
14,11,forearm_twist_l,-58.975532,-20.600184,0.721622
14,12,hand_l,-67.605887,-28.968047,4.730648
14,13,weapon_l,-74.442415,-35.570282,6.545776
14,14,f_big1_l,-69.141715,-32.270487,9.568060
14,15,f_big2_l,-70.096530,-35.696362,11.198270
14,16,f_big3_l,-72.164011,-38.878292,9.232913
14,17,f_main1_l,-77.907833,-33.878901,5.467432
14,18,f_main2_l,-74.991466,-37.893891,5.078793
14,19,f_main3_l,-71.112515,-36.301315,7.344629
14,20,f_pointer1_l,-76.737054,-33.886295,10.646446
14,21,f_pointer2_l,-79.632638,-37.236758,10.174439
14,22,f_pointer3_l,-76.962716,-39.272622,9.462832
14,23,scapular_l,-32.672082,8.060491,11.621223
14,24,chest_l,-22.659420,-13.054033,4.904481
14,25,zero_joint_hand_r,-2.718237,-5.553217,7.128828
14,26,clavicle_r,-18.669073,2.240476,24.687696
14,27,arm_r,-7.082396,0.401446,38.951693
14,28,forearm_r,-24.255200,-19.479285,51.122761
14,29,forearm_twist_r,-33.928197,-26.262205,52.834207
14,30,hand_r,-44.200280,-33.454781,54.658385
14,31,weapon_r,-50.275958,-41.183221,57.855819
14,32,f_big1_r,-49.649601,-36.134792,53.074478
14,33,f_big2_r,-51.915881,-39.567327,52.627737
14,34,f_big3_r,-51.201458,-43.469583,55.128880
14,35,f_main1_r,-50.099996,-39.489354,62.207218
14,36,f_main2_r,-48.820447,-42.624778,58.909900
14,37,f_main3_r,-47.007187,-40.255400,55.619037
14,38,f_pointer1_r,-54.251682,-38.579566,59.037939
14,39,f_pointer2_r,-53.393450,-42.886637,57.717360
14,40,f_pointer3_r,-51.640050,-41.570557,55.019117
14,41,scapular_r,-10.876453,6.271045,39.857718
14,42,chest_r,-13.697691,-20.164013,18.301875
14,43,zero_joint_pelvis_l,12.197858,-23.843842,-8.887443
14,44,thigh_l,6.448287,-22.871936,-16.016026
14,45,calf_l,-36.848813,-29.382821,6.122141
14,46,foot_l,-44.628840,-68.339436,-4.513599
14,47,toe_l,-59.389528,-78.369543,5.919291
14,48,back_l,15.888315,-21.092500,-21.777527
14,51,zero_joint_pelvis_r,12.197858,-23.843842,-8.887443
14,52,thigh_r,15.770912,-26.012298,-0.680759
14,53,calf_r,28.760247,-59.859724,32.376130
14,54,foot_r,54.811520,-68.600988,1.778954
14,55,toe_r,53.882825,-78.391091,19.957499
14,56,back_r,25.540236,-24.340701,-5.899075
14,57,biceps_twist_l,-39.659365,-3.607128,1.191655
14,58,biceps_twist_r,-15.329110,-9.148590,44.797403
14,59,thigh_twist_l,-9.670135,-25.851205,-8.074304
14,60,thigh_twist_r,21.076843,-38.741242,11.217679
15,0,pelvis,11.308594,-22.968750,-8.343750
15,1,stomach,6.377246,-14.328766,-3.577099
15,2,chest,-3.106402,-3.986457,7.293035
15,3,neck,-22.525354,7.413417,25.814215
15,4,head,-32.221871,11.257315,34.701154
15,5,hair,-33.060592,25.080572,41.469274
15,7,zero_joint_hand_l,-3.107839,-3.988129,7.295705
15,8,clavicle_l,-21.290594,5.702310,21.402014
15,9,arm_l,-30.092037,6.617955,5.191186
15,10,forearm_l,-51.085393,-11.249344,-3.658789
15,11,forearm_twist_l,-59.242731,-19.116189,0.092814
15,12,hand_l,-67.909726,-27.458865,4.075202
15,13,weapon_l,-74.364507,-34.593421,5.984699
15,14,f_big1_l,-69.288004,-30.688566,9.008234
15,15,f_big2_l,-70.016495,-34.114298,10.751696
15,16,f_big3_l,-71.804667,-37.511870,8.875290
15,17,f_main1_l,-77.830772,-33.097475,4.829087
15,18,f_main2_l,-74.598972,-36.879798,4.668666
15,19,f_main3_l,-70.800714,-34.831878,6.692445
15,20,f_pointer1_l,-76.761572,-32.828393,10.023062
15,21,f_pointer2_l,-78.948513,-36.680875,9.566554
15,22,f_pointer3_l,-75.915080,-38.189303,9.016625
15,23,scapular_l,-33.334421,9.855810,11.762824
15,24,chest_l,-23.052089,-11.449602,4.968898
15,25,zero_joint_hand_r,-3.107839,-3.988129,7.295705
15,26,clavicle_r,-19.189607,4.028872,24.632974
15,27,arm_r,-7.358480,2.465934,38.728235
15,28,forearm_r,-23.319786,-17.546885,52.256253
15,29,forearm_twist_r,-33.059814,-24.250344,53.899243
15,30,hand_r,-43.403113,-31.358481,55.650539
15,31,weapon_r,-49.651456,-39.490602,58.169728
15,32,f_big1_r,-48.746081,-33.872453,53.524755
15,33,f_big2_r,-50.965768,-37.245550,52.623028
15,34,f_big3_r,-50.360962,-41.375165,54.761763
15,35,f_main1_r,-49.655521,-38.112480,62.245877
15,36,f_main2_r,-48.185247,-40.908477,58.724787
15,37,f_main3_r,-46.215886,-38.224554,55.783731
15,38,f_pointer1_r,-53.640415,-36.896871,58.966936
15,39,f_pointer2_r,-52.689897,-41.048542,57.277056
15,40,f_pointer3_r,-50.805312,-39.471754,54.817569
15,41,scapular_r,-11.392882,8.192115,39.699891
15,42,chest_r,-14.231530,-18.453731,18.514911
15,43,zero_joint_pelvis_l,11.307365,-22.968684,-8.340514
15,44,thigh_l,5.283370,-22.192493,-15.263510
15,45,calf_l,-37.595613,-29.664530,7.379156
15,46,foot_l,-44.718259,-68.367069,-4.564338
15,47,toe_l,-59.403724,-78.407295,5.964533
15,48,back_l,14.507972,-20.826379,-21.469219
15,51,zero_joint_pelvis_r,11.307365,-22.968684,-8.340514
15,52,thigh_r,15.181653,-24.856631,-0.201306
15,53,calf_r,28.795366,-58.677701,32.630554
15,54,foot_r,54.156428,-68.611836,1.818297
15,55,toe_r,53.511714,-78.447726,19.984412
15,56,back_r,24.752471,-23.579720,-5.880432
15,57,biceps_twist_l,-40.175361,-1.964395,0.942230
15,58,biceps_twist_r,-15.023234,-7.147493,45.225724
15,59,thigh_twist_l,-10.680334,-25.520777,-7.149745
15,60,thigh_twist_r,20.705571,-37.583533,11.599712
16,0,pelvis,10.136719,-21.531250,-7.789062
16,1,stomach,5.492618,-12.661203,-3.158397
16,2,chest,-3.755749,-1.924690,7.530746
16,3,neck,-23.051846,10.215642,25.706550
16,4,head,-33.084835,13.498859,34.443558
16,5,hair,-34.338962,27.417818,40.946101
16,7,zero_joint_hand_l,-3.757198,-1.926266,7.533466
16,8,clavicle_l,-21.837007,8.358763,21.348091
16,9,arm_l,-30.683248,9.141293,5.154685
16,10,forearm_l,-51.021942,-8.761494,-5.048804
16,11,forearm_twist_l,-59.160849,-16.658783,-1.321210
16,12,hand_l,-67.808393,-25.033845,2.635402
16,13,weapon_l,-74.028801,-32.364309,4.370303
16,14,f_big1_l,-69.234915,-28.083522,7.671871
16,15,f_big2_l,-69.870443,-31.451935,9.557604
16,16,f_big3_l,-71.411678,-35.019318,7.789255
16,17,f_main1_l,-77.469463,-31.119125,3.283290
16,18,f_main2_l,-74.038324,-34.720570,3.464869
16,19,f_main3_l,-70.364639,-32.330339,5.337610
16,20,f_pointer1_l,-76.633769,-30.543148,8.494100
16,21,f_pointer2_l,-78.240201,-34.680362,8.125970
16,22,f_pointer3_l,-75.002320,-35.770753,7.799512
16,23,scapular_l,-33.896801,12.453146,11.703575
16,24,chest_l,-23.771147,-9.272135,5.450016
16,25,zero_joint_hand_r,-3.757198,-1.926266,7.533466
16,26,clavicle_r,-19.748355,6.765974,24.627452
16,27,arm_r,-7.446778,5.202060,38.313946
16,28,forearm_r,-21.125983,-15.220531,53.613640
16,29,forearm_twist_r,-31.179573,-21.518747,54.940938
16,30,hand_r,-41.855395,-28.196822,56.357487
16,31,weapon_r,-48.084533,-36.247019,58.551840
16,32,f_big1_r,-47.218281,-30.462315,54.013704
16,33,f_big2_r,-49.504826,-33.727723,52.906119
16,34,f_big3_r,-49.046332,-37.971825,54.848036
16,35,f_main1_r,-48.402309,-35.100260,62.496775
16,36,f_main2_r,-46.935615,-37.757601,58.868453
16,37,f_main3_r,-44.842498,-34.985149,56.100058
16,38,f_pointer1_r,-52.291770,-33.620760,59.210133
16,39,f_pointer2_r,-51.414255,-37.707826,57.333588
16,40,f_pointer3_r,-49.443770,-36.061703,54.989562
16,41,scapular_r,-11.640176,10.887022,39.370541
16,42,chest_r,-15.002199,-15.938255,19.198578
16,43,zero_joint_pelvis_l,10.135587,-21.531062,-7.785796
16,44,thigh_l,3.923964,-20.865744,-14.552771
16,45,calf_l,-38.568861,-29.856139,8.265238
16,46,foot_l,-44.941203,-68.352942,-4.721488
16,47,toe_l,-59.424906,-78.436845,6.042499
16,48,back_l,12.983163,-19.856571,-21.062981
16,51,zero_joint_pelvis_r,10.135587,-21.531062,-7.785796
16,52,thigh_r,14.216745,-23.231061,0.293358
16,53,calf_r,28.594981,-56.932875,32.921307
16,54,foot_r,52.936887,-68.578554,1.887206
16,55,toe_r,52.814600,-78.492359,20.021969
16,56,back_r,23.635302,-22.301236,-5.697549
16,57,biceps_twist_l,-40.452228,0.541909,0.255561
16,58,biceps_twist_r,-14.015360,-4.608129,45.662260
16,59,thigh_twist_l,-11.887819,-24.750645,-6.389059
16,60,thigh_twist_r,20.004670,-35.926474,12.001396
17,0,pelvis,8.582031,-19.531250,-6.906250
17,1,stomach,4.342101,-10.364874,-2.469018
17,2,chest,-4.396521,1.102208,7.884980
17,3,neck,-23.259310,14.653811,25.509854
17,4,head,-33.594830,18.087403,33.826292
17,5,hair,-35.078042,32.259816,39.703036
17,7,zero_joint_hand_l,-4.397977,1.100818,7.887797
17,8,clavicle_l,-22.125536,12.529347,21.252959
17,9,arm_l,-30.818915,12.921321,4.962893
17,10,forearm_l,-50.312048,-4.871792,-6.941154
17,11,forearm_twist_l,-58.473840,-12.893072,-3.542900
17,12,hand_l,-67.145815,-21.399798,0.063889
17,13,weapon_l,-73.364796,-28.412510,1.303290
17,14,f_big1_l,-68.887254,-24.057495,5.221946
17,15,f_big2_l,-69.633778,-27.273268,7.321352
17,16,f_big3_l,-71.047080,-30.983823,5.741382
17,17,f_main1_l,-76.810311,-27.493608,0.563556
17,18,f_main2_l,-73.403330,-31.061231,1.227427
17,19,f_main3_l,-69.945151,-28.545326,3.331639
17,20,f_pointer1_l,-76.316292,-26.505408,5.755997
17,21,f_pointer2_l,-78.255676,-30.511168,5.596589
17,22,f_pointer3_l,-75.112421,-31.888774,5.556124
17,23,scapular_l,-34.024206,16.514782,11.365732
17,24,chest_l,-24.579624,-5.922279,6.391828
17,25,zero_joint_hand_r,-4.397977,1.100818,7.887797
17,26,clavicle_r,-20.038877,11.079297,24.599130
17,27,arm_r,-7.197274,8.831471,37.680997
17,28,forearm_r,-16.793416,-12.321789,54.965011
17,29,forearm_twist_r,-27.408669,-17.698731,55.918332
17,30,hand_r,-38.679903,-23.399121,56.938770
17,31,weapon_r,-44.814602,-30.739657,59.198753
17,32,f_big1_r,-44.262341,-25.197345,54.705139
17,33,f_big2_r,-46.838234,-28.254958,53.640389
17,34,f_big3_r,-46.697647,-32.529449,55.564619
17,35,f_main1_r,-45.654942,-29.749091,63.202500
17,36,f_main2_r,-44.494351,-32.505270,59.542317
17,37,f_main3_r,-42.233720,-29.908871,56.735200
17,38,f_pointer1_r,-49.473521,-27.936433,60.002302
17,39,f_pointer2_r,-48.982519,-32.076310,58.100748
17,40,f_pointer3_r,-46.929755,-30.593833,55.718434
17,41,scapular_r,-11.396829,14.613493,38.926539
17,42,chest_r,-15.818796,-11.990255,20.419733
17,43,zero_joint_pelvis_l,8.581015,-19.530908,-6.902958
17,44,thigh_l,2.169388,-18.936803,-13.487558
17,45,calf_l,-40.440910,-29.548516,8.395836
17,46,foot_l,-45.284982,-68.178529,-4.852663
17,47,toe_l,-59.433348,-78.473433,6.154828
17,48,back_l,11.032361,-18.432532,-20.318647
17,51,zero_joint_pelvis_r,8.581015,-19.530908,-6.902958
17,52,thigh_r,12.878923,-21.048178,1.099819
17,53,calf_r,28.268866,-54.775429,33.236265
17,54,foot_r,51.206457,-68.530792,1.996505
17,55,toe_r,51.792154,-78.536710,20.071535
17,56,back_r,22.115926,-20.614356,-5.221126
17,57,biceps_twist_l,-40.181866,4.374599,-0.753090
17,58,biceps_twist_r,-11.804623,-1.329492,45.982258
17,59,thigh_twist_l,-13.660366,-23.422737,-5.674338
17,60,thigh_twist_r,19.014714,-33.767506,12.602971
18,0,pelvis,6.558594,-16.812500,-5.125000
18,1,stomach,3.002470,-7.202847,-1.038799
18,2,chest,-4.731097,5.494183,8.658630
18,3,neck,-22.258266,22.259003,24.839671
18,4,head,-33.044718,26.190308,32.321180
18,5,hair,-34.684497,40.789739,36.986056
18,7,zero_joint_hand_l,-4.732523,5.493257,8.661646
18,8,clavicle_l,-21.382198,19.534947,20.873297
18,9,arm_l,-29.914803,18.890566,4.506435
18,10,forearm_l,-48.413012,0.589162,-8.188380
18,11,forearm_twist_l,-56.758587,-7.669492,-6.032006
18,12,hand_l,-65.625702,-16.428268,-3.744092
18,13,weapon_l,-72.076597,-22.850477,-2.847115
18,14,f_big1_l,-67.822365,-18.393413,1.545360
18,15,f_big2_l,-68.820003,-21.308468,3.956470
18,16,f_big3_l,-70.227510,-25.150018,2.735743
18,17,f_main1_l,-75.484375,-22.203298,-3.251886
18,18,f_main2_l,-72.196628,-25.668573,-1.852437
18,19,f_main3_l,-68.586306,-22.950499,-0.337900
18,20,f_pointer1_l,-75.342488,-20.594145,1.805105
18,21,f_pointer2_l,-76.358861,-24.916274,2.149719
18,22,f_pointer3_l,-73.000232,-25.549697,2.462202
18,23,scapular_l,-33.072681,23.063284,10.572677
18,24,chest_l,-25.284961,-0.544783,8.670382
18,25,zero_joint_hand_r,-4.732523,5.493257,8.661646
18,26,clavicle_r,-19.257333,18.424176,24.323628
18,27,arm_r,-5.552932,15.297276,36.303052
18,28,forearm_r,-11.443737,-6.561539,54.352266
18,29,forearm_twist_r,-22.263241,-11.541713,55.152341
18,30,hand_r,-33.750873,-16.821297,56.010700
18,31,weapon_r,-39.932528,-22.968599,58.382874
18,32,f_big1_r,-39.619388,-17.831692,54.029296
18,33,f_big2_r,-42.635966,-20.504673,53.094740
18,34,f_big3_r,-43.003649,-24.757452,55.036972
18,35,f_main1_r,-41.256801,-22.147258,62.606575
18,36,f_main2_r,-40.646667,-25.039897,58.913642
18,37,f_main3_r,-38.173332,-22.780362,55.996672
18,38,f_pointer1_r,-44.924377,-19.824602,59.561415
18,39,f_pointer2_r,-45.092043,-23.992658,57.665425
18,40,f_pointer3_r,-42.960261,-22.807557,55.187919
18,41,scapular_r,-9.417166,21.455863,37.659134
18,42,chest_r,-16.363429,-5.191257,23.133131
18,43,zero_joint_pelvis_l,6.557785,-16.811914,-5.121685
18,44,thigh_l,-0.188529,-16.296114,-11.369903
18,45,calf_l,-41.813705,-30.521230,10.358414
18,46,foot_l,-45.670343,-68.398459,-5.188531
18,47,toe_l,-59.505329,-78.528928,6.356725
18,48,back_l,8.280487,-16.631931,-18.693573
18,51,zero_joint_pelvis_r,6.557785,-16.811914,-5.121685
18,52,thigh_r,11.235527,-18.060284,2.712791
18,53,calf_r,27.994225,-52.362262,33.529173
18,54,foot_r,49.060488,-68.528354,2.126375
18,55,toe_r,50.492180,-78.620157,20.106194
18,56,back_r,20.103716,-18.454393,-4.118566
18,57,biceps_twist_l,-38.799955,10.099742,-1.589406
18,58,biceps_twist_r,-8.380653,4.797493,44.971521
18,59,thigh_twist_l,-15.632408,-22.099786,-3.652705
18,60,thigh_twist_r,17.840030,-31.003489,13.694855
19,0,pelvis,4.222656,-13.500000,-3.156250
19,1,stomach,1.353471,-3.514896,0.552382
19,2,chest,-5.177669,10.435978,9.371685
19,3,neck,-20.770417,30.553300,23.593023
19,4,head,-31.573410,36.003562,30.024637
19,5,hair,-32.995508,50.934567,33.579358
19,7,zero_joint_hand_l,-5.178980,10.435608,9.374868
19,8,clavicle_l,-20.275310,27.217409,20.050875
19,9,arm_l,-28.886153,25.667849,3.785974
19,10,forearm_l,-45.863790,6.891390,-10.267064
19,11,forearm_twist_l,-54.260329,-1.513524,-9.101096
19,12,hand_l,-63.181547,-10.427635,-7.865399
19,13,weapon_l,-70.026444,-16.183394,-6.720537
19,14,f_big1_l,-65.828919,-11.504040,-2.523649
19,15,f_big2_l,-67.121307,-13.990540,0.206447
19,16,f_big3_l,-68.607995,-17.922487,-0.540779
19,17,f_main1_l,-73.295661,-15.733757,-7.282993
19,18,f_main2_l,-70.250325,-19.033542,-5.135171
19,19,f_main3_l,-66.570355,-16.260968,-3.915829
19,20,f_pointer1_l,-73.438541,-13.391502,-2.519970
19,21,f_pointer2_l,-74.367046,-17.637347,-1.548783
19,22,f_pointer3_l,-71.019952,-18.097439,-0.945063
19,23,scapular_l,-31.825415,30.453713,9.499064
19,24,chest_l,-26.021834,5.852504,11.227240
19,25,zero_joint_hand_r,-5.178980,10.435608,9.374868
19,26,clavicle_r,-18.034655,26.492581,23.530492
19,27,arm_r,-3.678797,23.205628,34.674998
19,28,forearm_r,-4.906146,0.706573,52.856572
19,29,forearm_twist_r,-15.871320,-3.964068,53.530363
19,30,hand_r,-27.513233,-8.915520,54.255252
19,31,weapon_r,-33.948525,-13.794314,56.468016
19,32,f_big1_r,-33.539862,-9.003498,52.506445
19,33,f_big2_r,-36.946125,-11.181732,51.628578
19,34,f_big3_r,-37.848655,-15.403534,53.460346
19,35,f_main1_r,-35.444517,-13.338968,61.018257
19,36,f_main2_r,-35.406051,-16.157346,57.219224
19,37,f_main3_r,-32.748886,-14.174459,54.263009
19,38,f_pointer1_r,-38.854673,-10.408601,58.207095
19,39,f_pointer2_r,-39.698809,-14.439988,56.199375
19,40,f_pointer3_r,-37.517747,-13.486105,53.665589
19,41,scapular_r,-7.345376,29.730902,35.782803
19,42,chest_r,-16.614429,2.822672,25.810635
19,43,zero_joint_pelvis_l,4.222072,-13.499191,-3.152935
19,44,thigh_l,-2.850891,-13.006608,-9.030811
19,45,calf_l,-43.709654,-30.994709,11.319094
19,46,foot_l,-46.097282,-68.460040,-5.471195
19,47,toe_l,-59.548016,-78.598122,6.513094
19,48,back_l,5.147021,-14.163667,-16.787420
19,51,zero_joint_pelvis_r,4.222072,-13.499191,-3.152935
19,52,thigh_r,9.292674,-14.533020,4.465392
19,53,calf_r,27.509414,-49.669566,33.460263
19,54,foot_r,46.567694,-68.535388,2.281289
19,55,toe_r,48.925188,-78.694178,20.125318
19,56,back_r,17.715132,-15.740288,-2.819679
19,57,biceps_twist_l,-37.041100,16.648901,-2.962300
19,58,biceps_twist_r,-4.266606,12.398532,43.406834
19,59,thigh_twist_l,-17.972086,-20.186804,-1.851300
19,60,thigh_twist_r,16.391553,-27.792655,14.738646
20,0,pelvis,2.042969,-10.125000,-1.578125
20,1,stomach,-0.256910,0.115270,1.818331
20,2,chest,-5.632918,15.088598,9.689846
20,3,neck,-19.235911,37.795312,21.914845
20,4,head,-29.412879,45.222233,27.284371
20,5,hair,-30.298595,60.337002,30.174454
20,7,zero_joint_hand_l,-5.634053,15.088725,9.693114
20,8,clavicle_l,-19.135114,34.004909,18.825719
20,9,arm_l,-28.070438,31.899041,2.800113
20,10,forearm_l,-42.922797,13.174885,-13.542986
20,11,forearm_twist_l,-51.304064,4.752048,-12.396637
20,12,hand_l,-60.209062,-4.181224,-11.182514
20,13,weapon_l,-67.397631,-9.146813,-9.349554
20,14,f_big1_l,-63.222794,-4.344224,-5.929670
20,15,f_big2_l,-64.793748,-6.342633,-2.955634
20,16,f_big3_l,-66.415798,-10.283588,-3.213564
20,17,f_main1_l,-70.578044,-8.957372,-10.502771
20,18,f_main2_l,-67.804412,-11.984741,-7.688928
20,19,f_main3_l,-64.010006,-9.246302,-6.783678
20,20,f_pointer1_l,-70.898943,-5.923435,-6.157059
20,21,f_pointer2_l,-71.799068,-9.975760,-4.544327
20,22,f_pointer3_l,-68.473988,-10.254579,-3.741058
20,23,scapular_l,-30.634045,37.220922,8.211994
20,24,chest_l,-26.544291,12.070174,13.230206
20,25,zero_joint_hand_r,-5.634053,15.088725,9.693114
20,26,clavicle_r,-16.731523,33.600714,22.248149
20,27,arm_r,-2.033696,30.784712,33.071214
20,28,forearm_r,2.174220,8.152316,50.631157
20,29,forearm_twist_r,-8.956988,3.856796,51.016700
20,30,hand_r,-20.774921,-0.697000,51.436067
20,31,weapon_r,-27.528203,-4.610040,53.145022
20,32,f_big1_r,-26.791147,0.011209,49.796011
20,33,f_big2_r,-30.427184,-1.706418,48.822875
20,34,f_big3_r,-31.775526,-5.928557,50.355525
20,35,f_main1_r,-29.080905,-4.714781,57.999484
20,36,f_main2_r,-29.394362,-7.226920,54.003451
20,37,f_main3_r,-26.562816,-5.332499,51.153000
20,38,f_pointer1_r,-32.171890,-1.223730,55.474169
20,39,f_pointer2_r,-33.479606,-4.975405,53.191539
20,40,f_pointer3_r,-31.231792,-4.080244,50.694937
20,41,scapular_r,-5.702339,37.576807,33.609611
20,42,chest_r,-16.453628,10.383044,27.571987
20,43,zero_joint_pelvis_l,2.042576,-10.124029,-1.574825
20,44,thigh_l,-5.280976,-9.591773,-7.133705
20,45,calf_l,-45.036597,-31.267717,11.754731
20,46,foot_l,-46.500939,-68.461691,-5.730395
20,47,toe_l,-59.579092,-78.581229,6.674565
20,48,back_l,2.283502,-11.397293,-15.195287
20,51,zero_joint_pelvis_r,2.042576,-10.124029,-1.574825
20,52,thigh_r,7.430522,-11.042223,5.837711
20,53,calf_r,26.837422,-46.932126,33.085023
20,54,foot_r,43.817383,-68.478079,2.446509
20,55,toe_r,47.129375,-78.678495,20.114286
20,56,back_r,15.439509,-12.895315,-1.770819
20,57,biceps_twist_l,-35.204750,22.905194,-5.048205
20,58,biceps_twist_r,-0.010917,19.913840,41.504263
20,59,thigh_twist_l,-19.954411,-18.117896,-0.519578
20,60,thigh_twist_r,14.922194,-24.589014,15.435160
21,0,pelvis,0.312500,-7.187500,-0.371094
21,1,stomach,-1.477101,3.241667,2.746321
21,2,chest,-5.719422,19.063991,9.581491
21,3,neck,-17.468452,43.684364,19.871506
21,4,head,-26.608479,52.882961,24.276886
21,5,hair,-27.226911,68.073346,26.819143
21,7,zero_joint_hand_l,-5.720352,19.064539,9.584781
21,8,clavicle_l,-17.733457,39.576153,17.230966
21,9,arm_l,-27.164047,37.122684,1.542143
21,10,forearm_l,-39.670435,18.612707,-16.876719
21,11,forearm_twist_l,-48.089173,10.331046,-15.132334
21,12,hand_l,-57.033920,1.547439,-13.284034
21,13,weapon_l,-64.509177,-2.543948,-10.773365
21,14,f_big1_l,-60.283717,2.226403,-8.216555
21,15,f_big2_l,-62.061953,0.721098,-5.073548
21,16,f_big3_l,-63.821955,-3.162771,-4.857463
21,17,f_main1_l,-67.599523,-2.750542,-12.458171
21,18,f_main2_l,-65.048198,-5.410531,-9.112903
21,19,f_main3_l,-61.123952,-2.760635,-8.537135
21,20,f_pointer1_l,-67.997108,0.876133,-8.601851
21,21,f_pointer2_l,-68.843826,-2.892804,-6.385863
21,22,f_pointer3_l,-65.528524,-2.966978,-5.501352
21,23,scapular_l,-29.226894,42.934828,6.655547
21,24,chest_l,-26.501956,17.590920,14.566156
21,25,zero_joint_hand_r,-5.720352,19.064539,9.584781
21,26,clavicle_r,-15.151629,39.422886,20.542208
21,27,arm_r,-0.259495,37.317460,31.260709
21,28,forearm_r,8.729255,15.310299,47.788586
21,29,forearm_twist_r,-2.457520,11.171580,48.269189
21,30,hand_r,-14.334123,6.783879,48.789628
21,31,weapon_r,-21.322958,3.481503,49.824951
21,32,f_big1_r,-20.260630,8.065360,47.170787
21,33,f_big2_r,-23.989095,6.707828,45.998750
21,34,f_big3_r,-25.647055,2.460036,47.094620
21,35,f_main1_r,-23.000195,2.730400,54.845938
21,36,f_main2_r,-23.419843,0.648789,50.618862
21,37,f_main3_r,-20.419917,2.611247,47.995743
21,38,f_pointer1_r,-25.804467,6.657948,52.648378
21,39,f_pointer2_r,-27.327750,3.247496,49.994319
21,40,f_pointer3_r,-24.982800,4.224873,47.618078
21,41,scapular_r,-3.996258,44.271111,31.116379
21,42,chest_r,-15.664123,16.954265,28.440254
21,43,zero_joint_pelvis_l,0.312285,-7.186402,-0.367817
21,44,thigh_l,-7.221153,-6.578716,-5.630602
21,45,calf_l,-45.727981,-31.451235,11.853988
21,46,foot_l,-46.836924,-68.500445,-5.961510
21,47,toe_l,-59.590561,-78.592900,6.798319
21,48,back_l,-0.079895,-8.938439,-13.931475
21,51,zero_joint_pelvis_r,0.312285,-7.186402,-0.367817
21,52,thigh_r,5.979563,-8.044377,6.840827
21,53,calf_r,26.165211,-44.553876,32.661847
21,54,foot_r,40.886164,-68.465342,2.615200
21,55,toe_r,45.128982,-78.677874,20.075750
21,56,back_r,13.582525,-10.452226,-1.024591
21,57,biceps_twist_l,-33.175075,28.226686,-7.308276
21,58,biceps_twist_r,4.059491,26.747128,39.197852
21,59,thigh_twist_l,-21.398454,-16.267345,0.442762
21,60,thigh_twist_r,13.711234,-21.832125,15.889087
22,0,pelvis,-0.984375,-4.625000,0.585938
22,1,stomach,-2.288895,5.953482,3.428899
22,2,chest,-5.394632,22.481199,9.107958
22,3,neck,-15.407167,48.542151,17.514077
22,4,head,-23.245349,59.206075,21.066446
22,5,hair,-24.115103,74.420913,23.378491
22,7,zero_joint_hand_l,-5.395342,22.482110,9.111222
22,8,clavicle_l,-16.010358,44.215522,15.314883
22,9,arm_l,-26.050610,41.536203,0.046965
22,10,forearm_l,-36.349275,22.958801,-19.627919
22,11,forearm_twist_l,-44.856296,14.994580,-17.038376
22,12,hand_l,-53.894732,6.547729,-14.293594
22,13,weapon_l,-61.658552,3.384634,-11.091381
22,14,f_big1_l,-57.280755,7.990028,-9.481511
22,15,f_big2_l,-59.197313,6.971335,-6.224058
22,16,f_big3_l,-61.068710,3.195127,-5.540761
22,17,f_main1_l,-64.594205,2.645516,-13.254038
22,18,f_main2_l,-62.192998,0.437357,-9.494546
22,19,f_main3_l,-58.152336,2.961854,-9.264142
22,20,f_pointer1_l,-65.012402,6.775558,-9.944973
22,21,f_pointer2_l,-65.749034,3.372966,-7.167903
22,22,f_pointer3_l,-62.429029,3.520541,-6.310688
22,23,scapular_l,-27.504182,47.804380,4.826492
22,24,chest_l,-25.891492,22.542937,15.337363
22,25,zero_joint_hand_r,-5.395342,22.482110,9.111222
22,26,clavicle_r,-13.246891,44.255107,18.479585
22,27,arm_r,1.800095,42.958791,29.109848
22,28,forearm_r,14.484971,22.018882,44.566162
22,29,forearm_twist_r,3.384899,17.794640,45.769540
22,30,hand_r,-8.399052,13.316109,47.057061
22,31,weapon_r,-15.647498,10.412499,47.373034
22,32,f_big1_r,-14.215443,15.016450,45.424650
22,33,f_big2_r,-17.959058,13.951517,44.021337
22,34,f_big3_r,-19.823378,9.691332,44.628484
22,35,f_main1_r,-17.405664,9.051913,52.433403
22,36,f_main2_r,-17.781112,7.433741,48.004188
22,37,f_main3_r,-14.624019,9.519639,45.677528
22,38,f_pointer1_r,-19.977553,13.302687,50.580234
22,39,f_pointer2_r,-21.558242,10.252244,47.548430
22,40,f_pointer3_r,-19.103601,11.363109,45.348136
22,41,scapular_r,-1.991712,49.962682,28.261473
22,42,chest_r,-14.292403,22.713302,28.595820
22,43,zero_joint_pelvis_l,-0.984412,-4.623792,0.589182
22,44,thigh_l,-8.712784,-3.921296,-4.370418
22,45,calf_l,-45.915996,-31.532410,11.775056
22,46,foot_l,-47.077319,-68.540104,-6.123200
22,47,toe_l,-59.601319,-78.606690,6.882161
22,48,back_l,-2.018044,-6.789304,-12.880726
22,51,zero_joint_pelvis_r,-0.984412,-4.623792,0.589182
22,52,thigh_r,4.955953,-5.450092,7.578306
22,53,calf_r,25.556384,-42.530982,32.231072
22,54,foot_r,37.841869,-68.475185,2.782288
22,55,toe_r,42.939550,-78.673116,20.021313
22,56,back_r,12.128810,-8.368219,-0.514865
22,57,biceps_twist_l,-31.000752,32.607793,-9.407172
22,58,biceps_twist_r,7.894244,32.901227,36.532149
22,59,thigh_twist_l,-22.378860,-14.602519,1.188502
22,60,thigh_twist_r,12.792562,-19.462974,16.179378
23,0,pelvis,-1.710938,-2.500000,1.148438
23,1,stomach,-2.538436,8.198492,3.706949
23,2,chest,-4.495791,25.291375,8.073285
23,3,neck,-13.009342,52.380042,14.692236
23,4,head,-19.430701,64.138575,17.569511
23,5,hair,-20.220851,79.402112,19.567871
23,7,zero_joint_hand_l,-4.496283,25.292589,8.076490
23,8,clavicle_l,-13.900662,47.913128,12.911162
23,9,arm_l,-24.723748,44.937745,-1.755216
23,10,forearm_l,-33.235268,25.489797,-21.466122
23,11,forearm_twist_l,-41.890732,18.144369,-17.774025
23,12,hand_l,-51.086655,10.354020,-13.859705
23,13,weapon_l,-59.056697,7.944984,-10.078524
23,14,f_big1_l,-54.576044,12.480186,-9.386999
23,15,f_big2_l,-56.594345,11.939236,-6.077036
23,16,f_big3_l,-58.543142,8.314641,-4.939801
23,17,f_main1_l,-61.869873,6.758017,-12.602407
23,18,f_main2_l,-59.570017,5.080244,-8.519370
23,19,f_main3_l,-55.430915,7.448658,-8.626430
23,20,f_pointer1_l,-62.310753,11.306146,-9.900033
23,21,f_pointer2_l,-62.871457,8.355473,-6.611954
23,22,f_pointer3_l,-59.542825,8.741550,-5.870254
23,23,scapular_l,-25.450321,51.664897,2.541790
23,24,chest_l,-24.598888,26.769531,15.326637
23,25,zero_joint_hand_r,-4.496283,25.292589,8.076490
23,26,clavicle_r,-10.966941,48.100350,15.913141
23,27,arm_r,4.245686,47.508505,26.368782
23,28,forearm_r,19.679861,27.402356,40.362086
23,29,forearm_twist_r,8.743088,23.042940,42.333483
23,30,hand_r,-2.866893,18.420873,44.436172
23,31,weapon_r,-10.443923,15.736405,44.181660
23,32,f_big1_r,-8.579017,20.445284,42.805305
23,33,f_big2_r,-12.304736,19.632557,41.200148
23,34,f_big3_r,-14.305778,15.393718,41.346859
23,35,f_main1_r,-12.154520,13.950149,49.122332
23,36,f_main2_r,-12.434813,12.767412,44.550686
23,37,f_main3_r,-9.148744,14.964373,42.524192
23,38,f_pointer1_r,-14.546796,18.433317,47.607030
23,39,f_pointer2_r,-16.115721,15.731063,44.255623
23,40,f_pointer3_r,-13.563019,16.967478,42.241780
23,41,scapular_r,0.491253,54.492528,24.901040
23,42,chest_r,-12.286394,27.557459,27.901859
23,43,zero_joint_pelvis_l,-1.710789,-2.498693,1.151640
23,44,thigh_l,-9.627889,-1.683808,-3.482403
23,45,calf_l,-45.564873,-31.513094,11.546762
23,46,foot_l,-47.193834,-68.579776,-6.192270
23,47,toe_l,-59.605626,-78.640092,6.925031
23,48,back_l,-3.421557,-5.036540,-12.183608
23,51,zero_joint_pelvis_r,-1.710789,-2.498693,1.151640
23,52,thigh_r,4.508603,-3.314399,7.894959
23,53,calf_r,25.121260,-40.871265,31.805819
23,54,foot_r,34.808786,-68.518719,2.943460
23,55,toe_r,40.644534,-78.683123,19.966887
23,56,back_r,11.209486,-6.720839,-0.409202
23,57,biceps_twist_l,-28.812879,35.596084,-11.221656
23,58,biceps_twist_r,11.660204,37.851515,33.088251
23,59,thigh_twist_l,-22.803745,-13.165655,1.647485
23,60,thigh_twist_r,12.302534,-17.520073,16.213925
24,0,pelvis,-1.570312,-1.125000,1.074219
24,1,stomach,-1.951975,9.662370,3.349183
24,2,chest,-2.789971,27.146824,6.291019
24,3,neck,-10.318655,54.847207,11.399306
24,4,head,-15.565899,67.246393,13.949265
24,5,hair,-15.527728,82.578333,15.537816
24,7,zero_joint_hand_l,-2.790293,27.148262,6.294152
24,8,clavicle_l,-11.399381,50.298095,9.964845
24,9,arm_l,-23.107060,46.705861,-3.859801
24,10,forearm_l,-30.755772,25.264179,-21.774599
24,11,forearm_twist_l,-39.561153,18.983678,-16.722419
24,12,hand_l,-48.916111,12.323116,-11.365355
24,13,weapon_l,-56.964375,10.374839,-7.193952
24,14,f_big1_l,-52.502408,15.000204,-7.282074
24,15,f_big2_l,-54.590726,14.887383,-3.973249
24,16,f_big3_l,-56.561035,11.434641,-2.415913
24,17,f_main1_l,-59.721120,8.882820,-9.880114
24,18,f_main2_l,-57.469662,7.781947,-5.579608
24,19,f_main3_l,-53.264870,9.994852,-5.998778
24,20,f_pointer1_l,-60.223416,13.742019,-7.802000
24,21,f_pointer2_l,-60.536856,11.302271,-4.089634
24,22,f_pointer3_l,-57.207232,11.932878,-3.546639
24,23,scapular_l,-23.047513,53.908892,-0.344250
24,24,chest_l,-22.515840,29.674023,14.255562
24,25,zero_joint_hand_r,-2.790293,27.148262,6.294152
24,26,clavicle_r,-8.334506,50.602819,12.822699
24,27,arm_r,7.123977,50.270286,22.923168
24,28,forearm_r,23.982797,30.257939,35.315492
24,29,forearm_twist_r,13.183267,25.881326,37.907664
24,30,hand_r,1.719630,21.240807,40.669376
24,31,weapon_r,-6.266278,18.503044,40.101989
24,32,f_big1_r,-3.911456,23.468539,39.021829
24,33,f_big2_r,-7.594197,22.835535,37.245659
24,34,f_big3_r,-9.652683,18.628425,37.008390
24,35,f_main1_r,-7.768226,16.568724,44.714435
24,36,f_main2_r,-7.917688,15.739081,40.059681
24,37,f_main3_r,-4.541058,18.032962,38.308100
24,38,f_pointer1_r,-10.054252,21.189932,43.470755
24,39,f_pointer2_r,-11.549643,18.772574,39.876895
24,40,f_pointer3_r,-8.918761,20.119115,38.042266
24,41,scapular_r,3.514897,57.250145,21.064847
24,42,chest_r,-9.653879,30.953498,26.225837
24,43,zero_joint_pelvis_l,-1.569980,-1.123609,1.077372
24,44,thigh_l,-9.657907,-0.185674,-3.226649
24,45,calf_l,-44.685758,-31.371356,11.182786
24,46,foot_l,-47.211543,-68.554015,-6.205025
24,47,toe_l,-59.610027,-78.613938,6.925157
24,48,back_l,-3.954126,-3.979790,-12.089037
24,51,zero_joint_pelvis_r,-1.569980,-1.123609,1.077372
24,52,thigh_r,4.917258,-1.948418,7.562277
24,53,calf_r,25.093645,-39.674938,31.577941
24,54,foot_r,31.990826,-68.517873,3.086194
24,55,toe_r,38.435028,-78.639460,19.914560
24,56,back_r,11.130994,-5.800896,-0.923749
24,57,biceps_twist_l,-26.781785,36.406688,-12.463555
24,58,biceps_twist_r,15.222656,40.658436,28.873590
24,59,thigh_twist_l,-22.487478,-12.154596,1.661988
24,60,thigh_twist_r,12.507964,-16.239483,15.922766
25,0,pelvis,-0.968750,-0.375000,0.667969
25,1,stomach,-0.983607,10.467839,2.698017
25,2,chest,-0.852888,28.143588,4.314678
25,3,neck,-7.813567,56.180726,8.258630
25,4,head,-12.137495,68.946236,10.732710
25,5,hair,-11.032296,84.275322,11.912113
25,7,zero_joint_hand_l,-0.853089,28.145185,4.317742
25,8,clavicle_l,-9.005102,51.583903,7.088365
25,9,arm_l,-21.494433,47.277734,-5.817768
25,10,forearm_l,-29.108203,23.589931,-20.653771
25,11,forearm_twist_l,-37.965701,18.426927,-14.538866
25,12,hand_l,-47.375989,12.951796,-8.054588
25,13,weapon_l,-55.416441,11.250869,-3.638335
25,14,f_big1_l,-51.052895,16.028238,-4.350890
25,15,f_big2_l,-53.192858,16.263188,-1.081706
25,16,f_big3_l,-55.154846,12.984520,0.823533
25,17,f_main1_l,-58.169795,9.576831,-6.353655
25,18,f_main2_l,-55.940252,9.008768,-1.939847
25,19,f_main3_l,-51.694049,11.076241,-2.609315
25,20,f_pointer1_l,-58.752103,14.632101,-4.841095
25,21,f_pointer2_l,-58.819947,12.694137,-0.832115
25,22,f_pointer3_l,-55.503059,13.518139,-0.518875
25,23,scapular_l,-20.755809,54.826637,-3.226623
25,24,chest_l,-20.276759,31.379413,12.751101
25,25,zero_joint_hand_r,-0.853089,28.145185,4.317742
25,26,clavicle_r,-5.846774,51.980995,9.830796
25,27,arm_r,9.863960,51.634841,19.533772
25,28,forearm_r,27.274194,31.237233,30.447288
25,29,forearm_twist_r,16.564368,26.939915,33.502872
25,30,hand_r,5.196568,22.383301,36.756618
25,31,weapon_r,-3.187646,19.448407,36.055764
25,32,f_big1_r,-0.377586,24.731721,35.083279
25,33,f_big2_r,-4.011680,24.220674,33.172716
25,34,f_big3_r,-6.079150,20.045203,32.639421
25,35,f_main1_r,-4.418435,17.541271,40.265722
25,36,f_main2_r,-4.440866,16.978256,35.568927
25,37,f_main3_r,-1.007701,19.349419,34.044944
25,38,f_pointer1_r,-6.651134,22.237660,39.223472
25,39,f_pointer2_r,-8.055162,20.036670,35.457838
25,40,f_pointer3_r,-5.369215,21.471087,33.775963
25,41,scapular_r,6.444922,58.624122,17.455119
25,42,chest_r,-7.023337,33.045377,24.237002
25,43,zero_joint_pelvis_l,-0.968259,-0.373547,0.671073
25,44,thigh_l,-9.192046,0.680669,-3.338519
25,45,calf_l,-43.644023,-31.261553,10.799536
25,46,foot_l,-47.161346,-68.555935,-6.171710
25,47,toe_l,-59.600467,-78.617605,6.918638
25,48,back_l,-3.946105,-3.464380,-12.325959
25,51,zero_joint_pelvis_r,-0.968259,-0.373547,0.671073
25,52,thigh_r,5.745068,-1.222330,6.918423
25,53,calf_r,25.340202,-38.941080,31.422620
25,54,foot_r,29.665975,-68.540732,3.201813
25,55,toe_r,36.566183,-78.621034,19.873430
25,56,back_r,11.520074,-5.431493,-1.706947
25,57,biceps_twist_l,-25.152368,35.899882,-12.942733
25,58,biceps_twist_r,18.227400,41.838004,24.773873
25,59,thigh_twist_l,-21.806007,-11.558387,1.441150
25,60,thigh_twist_r,13.086298,-15.532463,15.466965
26,0,pelvis,-0.312500,-0.062500,0.214844
26,1,stomach,-0.078283,10.808710,2.072374
26,2,chest,0.731968,28.528646,2.712771
26,3,neck,-5.965329,56.726024,5.897266
26,4,head,-9.671732,69.670730,8.441446
26,5,hair,-7.660310,84.930203,9.275708
26,7,zero_joint_hand_l,0.731839,28.530342,2.715787
26,8,clavicle_l,-7.209962,52.103031,4.897822
26,9,arm_l,-20.232941,47.211641,-7.250059
26,10,forearm_l,-28.216997,21.948485,-18.963996
26,11,forearm_twist_l,-37.062420,17.540614,-12.268243
26,12,hand_l,-46.459908,12.866263,-5.167953
26,13,weapon_l,-54.460209,11.269796,-0.628299
26,14,f_big1_l,-50.208168,16.181683,-1.753272
26,15,f_big2_l,-52.384363,16.648421,1.466755
26,16,f_big3_l,-54.330485,13.507317,3.605701
26,17,f_main1_l,-57.233507,9.510304,-3.308681
26,18,f_main2_l,-55.015499,9.329800,1.143627
26,19,f_main3_l,-50.746185,11.288174,0.312634
26,20,f_pointer1_l,-57.886225,14.661669,-2.204399
26,21,f_pointer2_l,-57.772870,13.107225,1.967298
26,22,f_pointer3_l,-54.474766,14.048292,2.092647
26,23,scapular_l,-19.047996,54.929452,-5.439764
26,24,chest_l,-18.498503,32.169793,11.422629
26,25,zero_joint_hand_r,0.731839,28.530342,2.715787
26,26,clavicle_r,-3.995126,52.564322,7.563473
26,27,arm_r,11.907790,52.087476,16.942418
26,28,forearm_r,29.384148,31.183080,26.733570
26,29,forearm_twist_r,18.725554,26.991674,30.099638
26,30,hand_r,7.412645,22.547221,33.683129
26,31,weapon_r,-1.277876,19.397641,32.957256
26,32,f_big1_r,1.872304,24.956999,31.984919
26,33,f_big2_r,-1.723068,24.516629,29.985557
26,34,f_big3_r,-3.778711,20.364043,29.261855
26,35,f_main1_r,-2.269086,17.587196,36.824717
26,36,f_main2_r,-2.198145,17.193183,32.111216
26,37,f_main3_r,1.264107,19.615767,30.741742
26,38,f_pointer1_r,-4.481644,22.319094,35.907641
26,39,f_pointer2_r,-5.810062,20.255439,32.038236
26,40,f_pointer3_r,-3.091502,21.747839,30.462562
26,41,scapular_r,8.658958,59.091466,14.763905
26,42,chest_r,-5.008403,34.104451,22.586359
26,43,zero_joint_pelvis_l,-0.311897,-0.061008,0.217909
26,44,thigh_l,-8.624211,1.080898,-3.579503
26,45,calf_l,-42.785661,-31.203100,10.487045
26,46,foot_l,-47.105269,-68.565068,-6.146955
26,47,toe_l,-59.600010,-78.633064,6.885430
26,48,back_l,-3.705173,-3.296391,-12.641392
26,51,zero_joint_pelvis_r,-0.311897,-0.061008,0.217909
26,52,thigh_r,6.556788,-0.935708,6.290359
26,53,calf_r,25.650483,-38.580937,31.298289
26,54,foot_r,28.078437,-68.577526,3.270172
26,55,toe_r,35.266475,-78.628057,19.837823
26,56,back_r,12.013554,-5.381154,-2.423221
26,57,biceps_twist_l,-24.068711,35.077269,-12.875450
26,58,biceps_twist_r,20.302941,42.047264,21.643414
26,59,thigh_twist_l,-21.131758,-11.279149,1.168366
26,60,thigh_twist_r,13.688473,-15.234624,15.032854
27,0,pelvis,0.000000,0.000000,0.000000
27,1,stomach,0.325946,10.879850,1.791955
27,2,chest,1.392617,28.595866,2.052267
27,3,neck,-5.243416,56.837107,4.964704
27,4,head,-8.724691,69.831414,7.573223
27,5,hair,-6.327601,85.042830,8.251542
27,7,zero_joint_hand_l,1.392511,28.597595,2.055265
27,8,clavicle_l,-6.501349,52.204964,4.026124
27,9,arm_l,-19.719243,47.067321,-7.805471
27,10,forearm_l,-27.937618,21.262984,-18.090557
27,11,forearm_twist_l,-36.768647,17.105678,-11.217882
27,12,hand_l,-46.150893,12.696968,-3.930002
27,13,weapon_l,-54.124751,11.121564,0.643658
27,14,f_big1_l,-49.930225,16.092726,-0.630458
27,15,f_big2_l,-52.121348,16.644106,2.565983
27,16,f_big3_l,-54.058728,13.558002,4.791191
27,17,f_main1_l,-56.913233,9.338821,-2.010445
27,18,f_main2_l,-54.700184,9.308895,2.447883
27,19,f_main3_l,-50.423777,11.226245,1.559691
27,20,f_pointer1_l,-57.598130,14.517358,-1.064025
27,21,f_pointer2_l,-57.415411,13.115391,3.158923
27,22,f_pointer3_l,-54.127108,14.096920,3.208521
27,23,scapular_l,-18.377304,54.828919,-6.321337
27,24,chest_l,-17.771924,32.363057,10.853358
27,25,zero_joint_hand_r,1.392511,28.597595,2.055265
27,26,clavicle_r,-3.267467,52.691574,6.664090
27,27,arm_r,12.711942,52.125393,15.907071
27,28,forearm_r,30.127434,30.963739,25.243479
27,29,forearm_twist_r,19.484131,26.829109,28.726132
27,30,hand_r,8.187672,22.444783,32.433444
27,31,weapon_r,-0.627537,19.197709,31.715627
27,32,f_big1_r,2.659786,24.875044,30.723873
27,33,f_big2_r,-0.920196,24.459501,28.691848
27,34,f_big3_r,-2.969247,20.316107,27.899975
27,35,f_main1_r,-1.516400,17.443848,35.438271
27,36,f_main2_r,-1.409553,17.109635,30.720829
27,37,f_main3_r,2.062408,19.549895,29.408511
27,38,f_pointer1_r,-3.722878,22.187018,34.565336
27,39,f_pointer2_r,-5.021284,20.172367,30.660085
27,40,f_pointer3_r,-2.291547,21.685550,29.124056
27,41,scapular_r,9.533049,59.137992,13.701936
27,42,chest_r,-4.196036,34.404621,21.905830
27,43,zero_joint_pelvis_l,0.000646,0.001505,0.003050
27,44,thigh_l,-8.343766,1.177220,-3.712775
27,45,calf_l,-42.426013,-31.183027,10.370682
27,46,foot_l,-47.079648,-68.568914,-6.118853
27,47,toe_l,-59.602960,-78.634826,6.887693
27,48,back_l,-3.550310,-3.284619,-12.800689
27,51,zero_joint_pelvis_r,0.000646,0.001505,0.003050
27,52,thigh_r,6.926937,-0.884226,6.008320
27,53,calf_r,25.811041,-38.473601,31.258242
27,54,foot_r,27.499783,-68.591057,3.305555
27,55,toe_r,34.788790,-78.629336,19.836479
27,56,back_r,12.268398,-5.416829,-2.733288
27,57,biceps_twist_l,-23.667560,34.673077,-12.744563
27,58,biceps_twist_r,21.077842,41.961636,20.389652
27,59,thigh_twist_l,-20.823229,-11.209466,1.039568
27,60,thigh_twist_r,13.972103,-15.168808,14.843900
28,0,pelvis,0.000000,0.000000,0.000000
28,1,stomach,0.325946,10.879850,1.791955
28,2,chest,1.392617,28.595866,2.052267
28,3,neck,-5.243416,56.837107,4.964704
28,4,head,-8.724691,69.831414,7.573223
28,5,hair,-6.327601,85.042830,8.251542
28,7,zero_joint_hand_l,1.392511,28.597595,2.055265
28,8,clavicle_l,-6.501349,52.204964,4.026124
28,9,arm_l,-19.719243,47.067321,-7.805471
28,10,forearm_l,-27.937618,21.262984,-18.090557
28,11,forearm_twist_l,-36.768647,17.105678,-11.217882
28,12,hand_l,-46.150893,12.696968,-3.930002
28,13,weapon_l,-54.124751,11.121564,0.643658
28,14,f_big1_l,-49.930225,16.092726,-0.630458
28,15,f_big2_l,-52.121348,16.644106,2.565983
28,16,f_big3_l,-54.058728,13.558002,4.791191
28,17,f_main1_l,-56.913233,9.338821,-2.010445
28,18,f_main2_l,-54.700184,9.308895,2.447883
28,19,f_main3_l,-50.423777,11.226245,1.559691
28,20,f_pointer1_l,-57.598130,14.517358,-1.064025
28,21,f_pointer2_l,-57.415411,13.115391,3.158923
28,22,f_pointer3_l,-54.127108,14.096920,3.208521
28,23,scapular_l,-18.377304,54.828919,-6.321337
28,24,chest_l,-17.771924,32.363057,10.853358
28,25,zero_joint_hand_r,1.392511,28.597595,2.055265
28,26,clavicle_r,-3.267467,52.691574,6.664090
28,27,arm_r,12.711942,52.125393,15.907071
28,28,forearm_r,30.127434,30.963739,25.243479
28,29,forearm_twist_r,19.484131,26.829109,28.726132
28,30,hand_r,8.187672,22.444783,32.433444
28,31,weapon_r,-0.627537,19.197709,31.715627
28,32,f_big1_r,2.659786,24.875044,30.723873
28,33,f_big2_r,-0.920196,24.459501,28.691848
28,34,f_big3_r,-2.969247,20.316107,27.899975
28,35,f_main1_r,-1.516400,17.443848,35.438271
28,36,f_main2_r,-1.409553,17.109635,30.720829
28,37,f_main3_r,2.062408,19.549895,29.408511
28,38,f_pointer1_r,-3.722878,22.187018,34.565336
28,39,f_pointer2_r,-5.021284,20.172367,30.660085
28,40,f_pointer3_r,-2.291547,21.685550,29.124056
28,41,scapular_r,9.533049,59.137992,13.701936
28,42,chest_r,-4.196036,34.404621,21.905830
28,43,zero_joint_pelvis_l,0.000646,0.001505,0.003050
28,44,thigh_l,-8.343766,1.177220,-3.712775
28,45,calf_l,-42.426013,-31.183027,10.370682
28,46,foot_l,-47.079648,-68.568914,-6.118853
28,47,toe_l,-59.602960,-78.634826,6.887693
28,48,back_l,-3.550310,-3.284619,-12.800689
28,51,zero_joint_pelvis_r,0.000646,0.001505,0.003050
28,52,thigh_r,6.926937,-0.884226,6.008320
28,53,calf_r,25.811041,-38.473601,31.258242
28,54,foot_r,27.499783,-68.591057,3.305555
28,55,toe_r,34.788790,-78.629336,19.836479
28,56,back_r,12.268398,-5.416829,-2.733288
28,57,biceps_twist_l,-23.667560,34.673077,-12.744563
28,58,biceps_twist_r,21.077842,41.961636,20.389652
28,59,thigh_twist_l,-20.823229,-11.209466,1.039568
28,60,thigh_twist_r,13.972103,-15.168808,14.843900
29,0,pelvis,0.000000,0.000000,0.000000
29,1,stomach,0.325946,10.879850,1.791955
29,2,chest,1.392617,28.595866,2.052267
29,3,neck,-5.243416,56.837107,4.964704
29,4,head,-8.724691,69.831414,7.573223
29,5,hair,-6.327601,85.042830,8.251542
29,7,zero_joint_hand_l,1.392511,28.597595,2.055265
29,8,clavicle_l,-6.501349,52.204964,4.026124
29,9,arm_l,-19.719243,47.067321,-7.805471
29,10,forearm_l,-27.937618,21.262984,-18.090557
29,11,forearm_twist_l,-36.768647,17.105678,-11.217882
29,12,hand_l,-46.150893,12.696968,-3.930002
29,13,weapon_l,-54.124751,11.121564,0.643658
29,14,f_big1_l,-49.930225,16.092726,-0.630458
29,15,f_big2_l,-52.121348,16.644106,2.565983
29,16,f_big3_l,-54.058728,13.558002,4.791191
29,17,f_main1_l,-56.913233,9.338821,-2.010445
29,18,f_main2_l,-54.700184,9.308895,2.447883
29,19,f_main3_l,-50.423777,11.226245,1.559691
29,20,f_pointer1_l,-57.598130,14.517358,-1.064025
29,21,f_pointer2_l,-57.415411,13.115391,3.158923
29,22,f_pointer3_l,-54.127108,14.096920,3.208521
29,23,scapular_l,-18.377304,54.828919,-6.321337
29,24,chest_l,-17.771924,32.363057,10.853358
29,25,zero_joint_hand_r,1.392511,28.597595,2.055265
29,26,clavicle_r,-3.267467,52.691574,6.664090
29,27,arm_r,12.711942,52.125393,15.907071
29,28,forearm_r,30.127434,30.963739,25.243479
29,29,forearm_twist_r,19.484131,26.829109,28.726132
29,30,hand_r,8.187672,22.444783,32.433444
29,31,weapon_r,-0.627537,19.197709,31.715627
29,32,f_big1_r,2.659786,24.875044,30.723873
29,33,f_big2_r,-0.920196,24.459501,28.691848
29,34,f_big3_r,-2.969247,20.316107,27.899975
29,35,f_main1_r,-1.516400,17.443848,35.438271
29,36,f_main2_r,-1.409553,17.109635,30.720829
29,37,f_main3_r,2.062408,19.549895,29.408511
29,38,f_pointer1_r,-3.722878,22.187018,34.565336
29,39,f_pointer2_r,-5.021284,20.172367,30.660085
29,40,f_pointer3_r,-2.291547,21.685550,29.124056
29,41,scapular_r,9.533049,59.137992,13.701936
29,42,chest_r,-4.196036,34.404621,21.905830
29,43,zero_joint_pelvis_l,0.000646,0.001505,0.003050
29,44,thigh_l,-8.343766,1.177220,-3.712775
29,45,calf_l,-42.426013,-31.183027,10.370682
29,46,foot_l,-47.079648,-68.568914,-6.118853
29,47,toe_l,-59.602960,-78.634826,6.887693
29,48,back_l,-3.550310,-3.284619,-12.800689
29,51,zero_joint_pelvis_r,0.000646,0.001505,0.003050
29,52,thigh_r,6.926937,-0.884226,6.008320
29,53,calf_r,25.811041,-38.473601,31.258242
29,54,foot_r,27.499783,-68.591057,3.305555
29,55,toe_r,34.788790,-78.629336,19.836479
29,56,back_r,12.268398,-5.416829,-2.733288
29,57,biceps_twist_l,-23.667560,34.673077,-12.744563
29,58,biceps_twist_r,21.077842,41.961636,20.389652
29,59,thigh_twist_l,-20.823229,-11.209466,1.039568
29,60,thigh_twist_r,13.972103,-15.168808,14.843900
30,0,pelvis,0.000000,0.000000,0.000000
30,1,stomach,0.323543,10.879701,1.793296
30,2,chest,1.378117,28.596467,2.051797
30,3,neck,-5.271328,56.834597,4.963809
30,4,head,-8.754941,69.820017,7.572437
30,5,hair,-6.359393,85.031688,8.250475
30,7,zero_joint_hand_l,1.378011,28.598197,2.054794
30,8,clavicle_l,-6.527281,52.201676,4.026422
30,9,arm_l,-19.742023,47.061926,-7.807780
30,10,forearm_l,-27.971073,21.264017,-18.100453
30,11,forearm_twist_l,-36.814219,17.133095,-11.227448
30,12,hand_l,-46.209314,12.752399,-3.939229
30,13,weapon_l,-54.189039,11.197390,0.631097
30,14,f_big1_l,-49.991014,16.161249,-0.653858
30,15,f_big2_l,-52.184621,16.723847,2.541289
30,16,f_big3_l,-54.128655,13.643597,4.776323
30,17,f_main1_l,-56.976414,9.409272,-2.020152
30,18,f_main2_l,-54.766111,9.389019,2.439616
30,19,f_main3_l,-50.490520,11.297649,1.549542
30,20,f_pointer1_l,-57.657985,14.591558,-1.091350
30,21,f_pointer2_l,-57.477365,13.204109,3.136518
30,22,f_pointer3_l,-54.190200,14.182781,3.184661
30,23,scapular_l,-18.402265,54.823764,-6.322669
30,24,chest_l,-17.784205,32.354732,10.861533
30,25,zero_joint_hand_r,1.378011,28.598197,2.054794
30,26,clavicle_r,-3.292400,52.690315,6.662787
30,27,arm_r,12.678539,52.126151,15.920516
30,28,forearm_r,30.109169,30.975894,25.254504
30,29,forearm_twist_r,19.475505,26.809439,28.728663
30,30,hand_r,8.189248,22.391347,32.426950
30,31,weapon_r,-0.626761,19.146635,31.708279
30,32,f_big1_r,2.663072,24.821008,30.709910
30,33,f_big2_r,-0.915852,24.405474,28.676072
30,34,f_big3_r,-2.965443,20.261496,27.888558
30,35,f_main1_r,-1.520196,17.398417,35.428748
30,36,f_main2_r,-1.410770,17.057344,30.711856
30,37,f_main3_r,2.063363,19.493653,29.397912
30,38,f_pointer1_r,-3.716410,22.142102,34.546678
30,39,f_pointer2_r,-5.014687,20.122745,30.643822
30,40,f_pointer3_r,-2.283491,21.629887,29.108865
30,41,scapular_r,9.501811,59.138191,13.710693
30,42,chest_r,-4.204128,34.404812,21.907283
30,43,zero_joint_pelvis_l,0.000645,0.001505,0.003051
30,44,thigh_l,-8.343939,1.175873,-3.712813
30,45,calf_l,-42.420960,-31.190430,10.369375
30,46,foot_l,-47.064640,-68.576038,-6.123597
30,47,toe_l,-59.586337,-78.645126,6.882045
30,48,back_l,-3.549339,-3.283882,-12.801148
30,51,zero_joint_pelvis_r,0.000578,-0.000762,0.002677
30,52,thigh_r,6.926925,-0.885958,6.007949
30,53,calf_r,25.819522,-38.476244,31.250159
30,54,foot_r,27.510702,-68.596043,3.300144
30,55,toe_r,34.799211,-78.633667,19.831686
30,56,back_r,12.269545,-5.416158,-2.734035
30,57,biceps_twist_l,-23.695459,34.670764,-12.750510
30,58,biceps_twist_r,21.051706,41.967866,20.401937
30,59,thigh_twist_l,-20.821403,-11.213012,1.039046
30,60,thigh_twist_r,13.974508,-15.171070,14.840744
