frame,bone_id,bone_name,x,y,z
0,0,pelvis,0.000000,0.000000,0.000000
0,1,stomach,0.321425,10.876269,1.814371
0,2,chest,1.378165,28.592861,2.075879
0,3,neck,-5.272535,56.829864,4.995946
0,4,head,-8.766471,69.820456,7.606035
0,5,hair,-6.359387,85.038679,8.273761
0,7,zero_joint_hand_l,1.378162,28.592877,2.075872
0,8,clavicle_l,-6.531096,52.194198,4.054297
0,9,arm_l,-19.740691,47.044046,-7.781127
0,10,forearm_l,-28.021463,21.261425,-18.026552
0,11,forearm_twist_l,-36.843216,17.109697,-11.138608
0,12,hand_l,-46.215848,12.711723,-3.831896
0,13,weapon_l,-54.185628,11.199709,0.657209
0,14,f_big1_l,-50.006064,16.135162,-0.573700
0,15,f_big2_l,-52.222644,16.706624,2.599241
0,16,f_big3_l,-54.197973,13.634701,4.810507
0,17,f_main1_l,-57.012869,9.415979,-2.001844
0,18,f_main2_l,-54.842965,9.384972,2.473265
0,19,f_main3_l,-50.553459,11.278557,1.618943
0,20,f_pointer1_l,-57.678176,14.599969,-1.072107
0,21,f_pointer2_l,-57.545833,13.203329,3.154444
0,22,f_pointer3_l,-54.252483,14.165836,3.232534
0,23,scapular_l,-18.402938,54.800960,-6.310588
0,24,chest_l,-17.801932,32.344643,10.892286
0,25,zero_joint_hand_r,1.378213,28.592742,2.075857
0,26,clavicle_r,-3.294070,52.683573,6.690452
0,27,arm_r,12.681929,52.107109,15.938689
0,28,forearm_r,30.008474,30.912909,25.366317
0,29,forearm_twist_r,19.363561,26.740283,28.798365
0,30,hand_r,8.079344,22.320391,32.446886
0,31,weapon_r,-0.607447,19.140494,31.730216
0,32,f_big1_r,2.557110,24.757691,30.738813
0,33,f_big2_r,-1.022781,24.348463,28.713317
0,34,f_big3_r,-3.082898,20.208479,27.932216
0,35,f_main1_r,-1.635196,17.351483,35.470518
0,36,f_main2_r,-1.535884,17.005941,30.753725
0,37,f_main3_r,1.938699,19.437945,29.433074
0,38,f_pointer1_r,-3.829724,22.096875,34.591357
0,39,f_pointer2_r,-5.136280,20.079395,30.694868
0,40,f_pointer3_r,-2.404861,21.582538,29.151986
0,41,scapular_r,9.515368,59.123548,13.733950
0,42,chest_r,-4.222214,34.398032,21.940769
0,43,zero_joint_pelvis_l,0.000008,-0.000008,-0.000000
0,44,thigh_l,-8.346709,1.178757,-3.709348
0,45,calf_l,-42.468061,-31.181608,10.278826
0,46,foot_l,-47.180396,-68.557380,-6.216968
0,47,toe_l,-59.562483,-78.643890,6.902176
0,48,back_l,-3.551768,-3.263043,-12.816132
0,51,zero_joint_pelvis_r,-0.000031,-0.000302,0.000013
0,52,thigh_r,6.928683,-0.893989,6.001130
0,53,calf_r,25.881063,-38.466729,31.224638
0,54,foot_r,27.600480,-68.585216,3.274934
0,55,toe_r,34.770042,-78.639697,19.848121
0,56,back_r,12.273992,-5.409585,-2.757479
0,57,biceps_twist_l,-23.717550,34.660521,-12.702174
0,58,biceps_twist_r,21.003591,41.927820,20.468128
0,59,thigh_twist_l,-20.836927,-11.228202,1.021750
0,60,thigh_twist_r,13.982807,-15.192445,14.839360
1,0,pelvis,0.750000,-0.750000,-0.312500
1,1,stomach,0.607675,10.122536,1.546582
1,2,chest,-0.283289,27.838135,2.199626
1,3,neck,-8.610603,55.553438,5.749944
1,4,head,-13.126394,68.143674,8.728070
1,5,hair,-12.371089,83.529125,9.470778
1,7,zero_joint_hand_l,-0.283293,27.838151,2.199619
1,8,clavicle_l,-9.597599,50.865335,4.746256
1,9,arm_l,-22.440257,45.930791,-7.574911
1,10,forearm_l,-30.736548,21.014015,-19.765450
1,11,forearm_twist_l,-39.662320,17.258851,-12.784527
1,12,hand_l,-49.144877,13.282319,-5.378801
1,13,weapon_l,-57.277440,11.286612,-0.936583
1,14,f_big1_l,-53.025635,16.426780,-1.754039
1,15,f_big2_l,-55.052128,16.327396,1.729628
1,16,f_big3_l,-56.791474,12.516444,3.341420
1,17,f_main1_l,-59.757119,9.606496,-3.623594
1,18,f_main2_l,-56.956923,9.638378,0.324109
1,19,f_main3_l,-53.145595,11.978319,-0.691695
1,20,f_pointer1_l,-60.681440,14.651719,-2.290882
1,21,f_pointer2_l,-59.881236,13.117034,1.884231
1,22,f_pointer3_l,-56.704019,14.403427,1.433741
1,23,scapular_l,-21.503672,53.620187,-5.529826
1,24,chest_l,-19.490678,30.240048,11.418521
1,25,zero_joint_hand_r,-0.283235,27.838019,2.199601
1,26,clavicle_r,-6.348365,51.509712,7.333609
1,27,arm_r,9.723655,52.168506,16.408348
1,28,forearm_r,28.385635,31.789965,25.052943
1,29,forearm_twist_r,18.692894,25.915621,28.800846
1,30,hand_r,8.418132,19.691316,32.784310
1,31,weapon_r,0.296727,16.481499,31.867850
1,32,f_big1_r,2.753070,21.784267,31.358300
1,33,f_big2_r,-0.719582,21.210895,29.321448
1,34,f_big3_r,-2.386814,17.051184,28.485437
1,35,f_main1_r,-0.863938,13.946979,35.893503
1,36,f_main2_r,-0.745768,13.854740,31.090913
1,37,f_main3_r,2.653061,16.706725,30.114056
1,38,f_pointer1_r,-3.317838,18.599388,35.255117
1,39,f_pointer2_r,-4.501747,16.726487,31.297858
1,40,f_pointer3_r,-1.852866,18.521652,29.978584
1,41,scapular_r,6.128579,58.915470,14.002559
1,42,chest_r,-5.859967,32.943864,22.262286
1,43,zero_joint_pelvis_l,0.750008,-0.750008,-0.312500
1,44,thigh_l,-7.616120,0.096117,-4.068616
1,45,calf_l,-42.277622,-31.477331,10.382216
1,46,foot_l,-47.210096,-68.812898,-6.140245
1,47,toe_l,-59.661076,-78.812562,6.980180
1,48,back_l,-2.585925,-4.104273,-13.163033
1,51,zero_joint_pelvis_r,0.749981,-0.750303,-0.312489
1,52,thigh_r,7.673744,-1.380163,5.727706
1,53,calf_r,26.067299,-38.954176,31.359709
1,54,foot_r,28.366104,-68.662640,3.015604
1,55,toe_r,34.978932,-78.766057,19.789309
1,56,back_r,13.254800,-5.632853,-3.015439
1,57,biceps_twist_l,-26.426818,33.956440,-13.433527
1,58,biceps_twist_r,18.686657,42.380868,20.561727
1,59,thigh_twist_l,-20.315971,-12.026710,0.837737
1,60,thigh_twist_r,14.528841,-15.666103,14.709427
2,0,pelvis,2.000000,-2.625000,-0.914062
2,1,stomach,0.862770,8.173958,1.029566
2,2,chest,-3.515613,25.322847,2.374220
2,3,neck,-15.099689,51.631464,7.247903
2,4,head,-21.690410,63.059116,10.955572
2,5,hair,-24.255394,78.246174,11.735548
2,7,zero_joint_hand_l,-3.515620,25.322862,2.374214
2,8,clavicle_l,-15.529022,46.895646,6.087170
2,9,arm_l,-27.523928,42.317717,-7.189106
2,10,forearm_l,-35.964446,19.718767,-23.199370
2,11,forearm_twist_l,-44.930436,16.586219,-15.967350
2,12,hand_l,-54.454744,13.271630,-8.294181
2,13,weapon_l,-62.161743,10.883165,-4.200463
2,14,f_big1_l,-58.387209,15.997094,-4.212528
2,15,f_big2_l,-60.286450,15.086857,-0.629141
2,16,f_big3_l,-61.994024,10.722555,-0.003459
2,17,f_main1_l,-64.976361,9.370790,-6.911546
2,18,f_main2_l,-61.812000,9.316242,-3.426086
2,19,f_main3_l,-58.393476,11.971057,-4.279659
2,20,f_pointer1_l,-66.052348,14.176309,-4.954617
2,21,f_pointer2_l,-64.759124,12.332973,-0.959347
2,22,f_pointer3_l,-61.763727,13.935440,-1.726903
2,23,scapular_l,-27.382497,49.757803,-4.220343
2,24,chest_l,-22.563526,24.967858,12.209465
2,25,zero_joint_hand_r,-3.515546,25.322740,2.374189
2,26,clavicle_r,-12.302750,47.848947,8.606997
2,27,arm_r,3.722990,50.633726,17.354305
2,28,forearm_r,23.840512,31.281194,25.038592
2,29,forearm_twist_r,16.613188,22.730886,29.181290
2,30,hand_r,8.952275,13.669297,33.583417
2,31,weapon_r,2.240685,10.058155,32.342880
2,32,f_big1_r,3.016406,14.688407,32.642609
2,33,f_big2_r,-0.342985,13.686253,30.811699
2,34,f_big3_r,-1.362283,9.595781,29.761335
2,35,f_main1_r,1.106823,6.097369,36.921779
2,36,f_main2_r,0.945383,6.254294,32.003385
2,37,f_main3_r,3.851152,9.841086,31.085272
2,38,f_pointer1_r,-2.101216,10.311834,36.656468
2,39,f_pointer2_r,-3.176862,8.450505,32.733838
2,40,f_pointer3_r,-0.983492,10.718050,31.371833
2,41,scapular_r,-0.584692,56.839452,14.677600
2,42,chest_r,-9.029556,28.967993,22.769991
2,43,zero_joint_pelvis_l,2.000009,-2.625007,-0.914063
2,44,thigh_l,-6.354524,-2.492177,-4.787119
2,45,calf_l,-42.250006,-32.055758,10.853788
2,46,foot_l,-47.379014,-69.218534,-5.995159
2,47,toe_l,-59.964583,-79.051334,7.122966
2,48,back_l,-0.842366,-6.143488,-13.839114
2,51,zero_joint_pelvis_r,2.000008,-2.625303,-0.914054
2,52,thigh_r,8.866625,-2.692342,5.223066
2,53,calf_r,26.163508,-40.174972,31.737198
2,54,foot_r,30.033271,-68.772719,2.437720
2,55,toe_r,35.326665,-78.932793,19.640004
2,56,back_r,14.927114,-6.349965,-3.469944
2,57,biceps_twist_l,-31.579683,31.457245,-14.883397
2,58,biceps_twist_r,13.385051,41.338773,21.046490
2,59,thigh_twist_l,-19.536417,-13.887818,0.569980
2,60,thigh_twist_r,15.356319,-16.953320,14.541318
3,0,pelvis,3.000000,-5.187500,-1.390625
3,1,stomach,0.819108,5.439618,0.608513
3,2,chest,-5.830211,21.798329,2.409035
3,3,neck,-20.362109,46.286817,8.672007
3,4,head,-28.874205,56.106121,13.019548
3,5,hair,-34.299290,70.529906,13.617120
3,7,zero_joint_hand_l,-5.830219,21.798344,2.409029
3,8,clavicle_l,-20.248703,41.587321,7.307658
3,9,arm_l,-31.262687,37.064015,-6.810649
3,10,forearm_l,-39.726512,17.209014,-26.108992
3,11,forearm_twist_l,-48.324819,13.846448,-18.553879
3,12,hand_l,-57.470309,10.283754,-10.526317
3,13,weapon_l,-63.360399,8.601890,-7.271469
3,14,f_big1_l,-61.393434,12.919828,-6.426707
3,15,f_big2_l,-63.933857,12.483795,-3.212071
3,16,f_big3_l,-66.245321,8.536735,-2.308875
3,17,f_main1_l,-68.343608,7.154493,-10.070907
3,18,f_main2_l,-66.537091,5.775878,-5.903163
3,19,f_main3_l,-62.423791,7.497434,-5.751164
3,20,f_pointer1_l,-69.117294,11.841345,-7.723746
3,21,f_pointer2_l,-69.223481,9.197784,-4.001505
3,22,f_pointer3_l,-65.895426,10.150355,-3.697133
3,23,scapular_l,-31.735332,44.317659,-3.441494
3,24,chest_l,-24.460956,18.731283,12.566277
3,25,zero_joint_hand_r,-5.830132,21.798232,2.408997
3,26,clavicle_r,-17.101565,42.814678,9.808911
3,27,arm_r,-1.283422,46.697679,18.515424
3,28,forearm_r,19.007147,27.449908,26.005390
3,29,forearm_twist_r,14.352896,17.268981,30.151545
3,30,hand_r,9.419969,6.478473,34.557435
3,31,weapon_r,4.555040,1.786862,33.176467
3,32,f_big1_r,3.472695,5.778480,33.821132
3,33,f_big2_r,0.188822,4.033030,32.667241
3,34,f_big3_r,-0.592353,0.053123,31.455942
3,35,f_main1_r,4.143979,-3.023429,38.089426
3,36,f_main2_r,3.384452,-3.412579,33.200408
3,37,f_main3_r,4.948067,0.462666,30.923780
3,38,f_pointer1_r,-0.115774,0.137775,37.933859
3,39,f_pointer2_r,-1.036933,-2.357461,34.356973
3,40,f_pointer3_r,0.078487,-0.118001,32.004308
3,41,scapular_r,-6.001456,52.593175,15.841147
3,42,chest_r,-11.257528,23.883346,23.045775
3,43,zero_joint_pelvis_l,3.000010,-5.187506,-1.390625
3,44,thigh_l,-5.262492,-5.806146,-5.411172
3,45,calf_l,-42.575828,-32.589773,11.836470
3,46,foot_l,-47.281320,-69.390332,-5.907341
3,47,toe_l,-59.940006,-79.122636,7.215373
3,48,back_l,0.722700,-8.844757,-14.388860
3,51,zero_joint_pelvis_r,3.000036,-5.187801,-1.390619
3,52,thigh_r,9.737031,-4.662842,4.866691
3,53,calf_r,26.000788,-41.934796,32.315197
3,54,foot_r,32.142456,-68.839293,1.824319
3,55,toe_r,35.887609,-78.960531,19.451006
3,56,back_r,16.261974,-7.659621,-3.741549
3,57,biceps_twist_l,-35.327359,27.527634,-16.079935
3,58,biceps_twist_r,8.461621,37.452883,22.114270
3,59,thigh_twist_l,-18.992499,-16.184317,0.549772
3,60,thigh_twist_r,15.890507,-18.838729,14.536220
4,0,pelvis,3.250000,-8.125000,-1.718750
4,1,stomach,0.128097,2.264129,0.283301
4,2,chest,-7.627043,18.098505,2.330999
4,3,neck,-24.673138,40.508174,9.902281
4,4,head,-34.675868,48.554204,14.696279
4,5,hair,-42.189647,62.018939,14.976044
4,7,zero_joint_hand_l,-7.627054,18.098519,2.330994
4,8,clavicle_l,-24.063153,35.917178,8.317887
4,9,arm_l,-34.023665,30.765921,-6.356836
4,10,forearm_l,-41.716385,12.408497,-27.383259
4,11,forearm_twist_l,-49.798575,7.862989,-19.865247
4,12,hand_l,-58.385681,3.048978,-11.886313
4,13,weapon_l,-62.483356,1.853015,-9.589258
4,14,f_big1_l,-62.486217,5.472748,-7.949472
4,15,f_big2_l,-65.775152,6.113913,-5.684451
4,16,f_big3_l,-69.266814,3.457819,-4.607597
4,17,f_main1_l,-69.457855,0.635624,-12.772955
4,18,f_main2_l,-70.894475,-1.813968,-8.862248
4,19,f_main3_l,-66.710606,-1.617501,-7.022667
4,20,f_pointer1_l,-70.078432,5.117518,-10.012875
4,21,f_pointer2_l,-72.532917,2.296278,-7.467098
4,22,f_pointer3_l,-69.761569,1.765277,-5.468963
4,23,scapular_l,-34.961674,38.049751,-3.154516
4,24,chest_l,-25.632212,12.519625,12.547212
4,25,zero_joint_hand_r,-7.626955,18.098420,2.330956
4,26,clavicle_r,-21.029936,37.372585,10.837516
4,27,arm_r,-5.322745,41.084819,19.815166
4,28,forearm_r,14.091979,21.015316,27.468074
4,29,forearm_twist_r,11.582356,10.031039,31.387884
4,30,hand_r,8.919741,-1.626101,35.559225
4,31,weapon_r,5.917022,-7.779966,34.128350
4,32,f_big1_r,3.498826,-4.087320,34.664591
4,33,f_big2_r,0.625266,-6.682028,34.367188
4,34,f_big3_r,-0.208910,-10.745649,33.634400
4,35,f_main1_r,6.688717,-12.283139,38.995856
4,36,f_main2_r,5.780764,-13.872407,34.413273
4,37,f_main3_r,5.705755,-11.369569,30.419884
4,38,f_pointer1_r,1.661599,-10.608271,38.701043
4,39,f_pointer2_r,1.337649,-13.989033,35.772431
4,40,f_pointer3_r,1.456207,-13.132909,32.434935
4,41,scapular_r,-10.159221,47.022486,17.465204
4,42,chest_r,-12.907275,18.629066,23.103956
4,43,zero_joint_pelvis_l,3.250010,-8.125004,-1.718750
4,44,thigh_l,-4.850721,-9.424939,-5.902620
4,45,calf_l,-43.413791,-33.103017,13.054361
4,46,foot_l,-47.336266,-69.380198,-5.915246
4,47,toe_l,-59.989676,-79.104181,7.218720
4,48,back_l,1.543331,-11.886011,-14.774699
4,51,zero_joint_pelvis_r,3.250062,-8.125297,-1.718744
4,52,thigh_r,9.795987,-7.063036,4.672001
4,53,calf_r,25.074803,-44.066280,33.034770
4,54,foot_r,33.543986,-68.916709,1.380470
4,55,toe_r,36.028364,-78.938809,19.284411
4,56,back_r,16.717572,-9.438112,-3.820751
4,57,biceps_twist_l,-37.720045,21.943933,-16.461807
4,58,biceps_twist_r,4.001504,31.445261,23.492269
4,59,thigh_twist_l,-19.083190,-18.672173,0.706303
4,60,thigh_twist_r,15.631692,-21.131616,14.689010
5,0,pelvis,3.500000,-11.062500,-1.960938
5,1,stomach,-0.373646,-0.918849,-0.014227
5,2,chest,-8.662619,14.622712,2.180215
5,3,neck,-27.873241,34.767576,10.853355
5,4,head,-38.932067,41.101680,15.888942
5,5,hair,-47.953844,53.609225,15.833467
5,7,zero_joint_hand_l,-8.662630,14.622725,2.180211
5,8,clavicle_l,-26.804157,30.339014,9.063244
5,9,arm_l,-35.555431,23.545436,-5.713671
5,10,forearm_l,-41.277914,3.646429,-25.951412
5,11,forearm_twist_l,-49.104496,-2.651647,-19.502940
5,12,hand_l,-57.421844,-9.327387,-12.659499
5,13,weapon_l,-61.717468,-12.145374,-10.932625
5,14,f_big1_l,-61.996052,-8.018933,-8.840200
5,15,f_big2_l,-65.547324,-6.997606,-7.389593
5,16,f_big3_l,-69.606767,-8.544439,-6.929775
5,17,f_main1_l,-68.086108,-12.719377,-14.886292
5,18,f_main2_l,-71.816084,-15.264687,-12.935038
5,19,f_main3_l,-68.552246,-15.808400,-9.611594
5,20,f_pointer1_l,-69.326994,-8.790708,-11.548265
5,21,f_pointer2_l,-72.936085,-11.338391,-10.798522
5,22,f_pointer3_l,-71.786644,-13.131369,-8.094504
5,23,scapular_l,-37.004838,31.012658,-3.211043
5,24,chest_l,-25.865443,6.745232,12.264319
5,25,zero_joint_hand_r,-8.662522,14.622639,2.180168
5,26,clavicle_r,-23.910857,31.995456,11.622963
5,27,arm_r,-8.165013,34.423653,20.964643
5,28,forearm_r,9.124747,12.583990,28.862536
5,29,forearm_twist_r,8.372816,1.261692,32.544606
5,30,hand_r,7.576080,-10.754306,36.463727
5,31,weapon_r,6.041210,-18.295010,34.887247
5,32,f_big1_r,2.938491,-14.373267,35.142204
5,33,f_big2_r,0.599500,-17.482155,35.355047
5,34,f_big3_r,-0.293862,-21.620960,35.290784
5,35,f_main1_r,7.676421,-21.731692,39.530225
5,36,f_main2_r,7.257674,-24.438319,35.497083
5,37,f_main3_r,6.720930,-24.537039,30.892114
5,38,f_pointer1_r,2.418436,-21.330805,38.917478
5,39,f_pointer2_r,2.845134,-25.310983,36.810857
5,40,f_pointer3_r,3.024965,-26.462335,33.547793
5,41,scapular_r,-12.898005,40.665602,19.288794
5,42,chest_r,-13.729276,13.696136,22.992436
5,43,zero_joint_pelvis_l,3.500010,-11.062503,-1.960937
5,44,thigh_l,-4.407606,-12.912787,-6.304035
5,45,calf_l,-43.863307,-33.669913,14.178111
5,46,foot_l,-47.070430,-69.406524,-5.918520
5,47,toe_l,-59.735490,-79.108505,7.220488
5,48,back_l,2.314144,-14.906994,-15.050221
5,51,zero_joint_pelvis_r,3.500082,-11.062792,-1.960931
5,52,thigh_r,9.830242,-9.561791,4.557906
5,53,calf_r,24.080877,-46.341423,33.735072
5,54,foot_r,34.712141,-69.006705,1.107984
5,55,toe_r,36.377471,-78.940871,19.155276
5,56,back_r,17.064765,-11.434376,-3.798604
5,57,biceps_twist_l,-38.303448,13.987994,-15.434139
5,58,biceps_twist_r,0.138492,23.933870,24.759380
5,59,thigh_twist_l,-19.021223,-21.098710,0.890012
5,60,thigh_twist_r,15.328314,-23.539782,14.887884
6,0,pelvis,3.500000,-13.562500,-2.171875
6,1,stomach,-0.858190,-3.595785,-0.339048
6,2,chest,-9.630346,11.658119,1.991283
6,3,neck,-30.739153,29.414689,11.436354
6,4,head,-42.480204,34.318727,16.522981
6,5,hair,-52.609832,45.943571,16.226558
6,7,zero_joint_hand_l,-9.630359,11.658131,1.991279
6,8,clavicle_l,-29.235667,25.185494,9.483623
6,9,arm_l,-36.556014,16.229259,-4.914054
6,10,forearm_l,-40.955700,-7.033245,-21.580851
6,11,forearm_twist_l,-48.298694,-15.526319,-17.524734
6,12,hand_l,-56.103946,-24.534002,-13.221693
6,13,weapon_l,-62.248749,-30.655509,-11.702028
6,14,f_big1_l,-60.883499,-25.078901,-9.538621
6,15,f_big2_l,-64.575637,-24.751714,-8.241615
6,16,f_big3_l,-68.486783,-26.507541,-8.149514
6,17,f_main1_l,-65.496438,-30.142220,-16.552521
6,18,f_main2_l,-69.322785,-33.247916,-15.970298
6,19,f_main3_l,-66.556422,-33.844477,-12.160495
6,20,f_pointer1_l,-67.721112,-27.242613,-12.705650
6,21,f_pointer2_l,-71.067578,-30.172022,-13.003465
6,22,f_pointer3_l,-70.801306,-32.786532,-10.792652
6,23,scapular_l,-38.582047,23.830835,-3.401616
6,24,chest_l,-25.881636,1.710337,11.820739
6,25,zero_joint_hand_r,-9.630243,11.658057,1.991233
6,26,clavicle_r,-26.510722,27.034917,12.095414
6,27,arm_r,-10.750045,27.650244,21.703595
6,28,forearm_r,1.528325,2.778952,30.006842
6,29,forearm_twist_r,3.366691,-8.467550,33.535876
6,30,hand_r,5.319661,-20.402841,37.292635
6,31,weapon_r,4.913939,-29.142011,35.460225
6,32,f_big1_r,1.414437,-24.639742,35.468881
6,33,f_big2_r,-0.480632,-28.052551,35.668656
6,34,f_big3_r,-1.201058,-32.245493,35.729283
6,35,f_main1_r,6.994677,-31.368348,39.870827
6,36,f_main2_r,7.294674,-34.726846,36.393402
6,37,f_main3_r,7.233824,-36.853306,32.330710
6,38,f_pointer1_r,1.793563,-31.813990,38.890646
6,39,f_pointer2_r,2.743076,-36.038703,37.503454
6,40,f_pointer3_r,3.416568,-38.426318,35.067841
6,41,scapular_r,-15.274105,34.214965,20.880606
6,42,chest_r,-14.451987,9.471018,22.767386
6,43,zero_joint_pelvis_l,3.500010,-13.562503,-2.171874
6,44,thigh_l,-4.238858,-15.782161,-6.643951
6,45,calf_l,-44.244668,-34.132046,15.034282
6,46,foot_l,-47.001148,-69.417280,-5.908969
6,47,toe_l,-59.679617,-79.097207,7.233372
6,48,back_l,2.718800,-17.505282,-15.262327
6,51,zero_joint_pelvis_r,3.500095,-13.562788,-2.171865
6,52,thigh_r,9.640604,-11.754741,4.449637
6,53,calf_r,22.800313,-48.410125,34.288098
6,54,foot_r,35.243176,-69.065397,0.974429
6,55,toe_r,36.432488,-78.944055,19.089709
6,56,back_r,17.098113,-13.331886,-3.770725
6,57,biceps_twist_l,-38.668800,5.056266,-12.919312
6,58,biceps_twist_r,-4.853605,15.704507,25.692976
6,59,thigh_twist_l,-19.075354,-23.078478,0.997680
6,60,thigh_twist_r,14.769843,-25.679686,15.037727
7,0,pelvis,3.250000,-15.437500,-2.351562
7,1,stomach,-1.250948,-5.497148,-0.733119
7,2,chest,-10.467509,9.466661,1.757291
7,3,neck,-33.350891,24.613411,11.606844
7,4,head,-45.529112,28.452326,16.579700
7,5,hair,-56.565603,39.218102,16.221704
7,7,zero_joint_hand_l,-10.467523,9.466671,1.757287
7,8,clavicle_l,-31.404439,20.621406,9.548967
7,9,arm_l,-38.452973,10.732147,-4.365609
7,10,forearm_l,-42.263084,-15.067765,-16.940627
7,11,forearm_twist_l,-48.399444,-25.129447,-15.089921
7,12,hand_l,-54.932670,-35.817602,-13.126554
7,13,weapon_l,-60.779357,-44.693394,-11.532430
7,14,f_big1_l,-59.270615,-38.081678,-9.568465
7,15,f_big2_l,-62.876003,-38.891983,-8.268496
7,16,f_big3_l,-66.198752,-41.577763,-8.343914
7,17,f_main1_l,-62.370397,-43.514071,-17.103162
7,18,f_main2_l,-64.730025,-47.803917,-16.485171
7,19,f_main3_l,-61.562010,-49.080230,-13.242737
7,20,f_pointer1_l,-65.281210,-41.830184,-12.999210
7,21,f_pointer2_l,-67.565794,-45.646699,-13.507036
7,22,f_pointer3_l,-67.210735,-48.731494,-12.017530
7,23,scapular_l,-40.653189,18.357187,-3.268003
7,24,chest_l,-25.559059,-2.413584,11.285455
7,25,zero_joint_hand_r,-10.467399,9.466609,1.757240
7,26,clavicle_r,-28.892044,22.682900,12.214535
7,27,arm_r,-13.666566,22.448818,22.665600
7,28,forearm_r,-5.397122,-4.142713,30.589630
7,29,forearm_twist_r,-2.002800,-15.104817,33.849738
7,30,hand_r,1.606710,-26.752394,37.325354
7,31,weapon_r,2.116974,-37.324531,35.654438
7,32,f_big1_r,-2.102172,-31.007988,35.156607
7,33,f_big2_r,-3.949636,-34.456628,35.188501
7,34,f_big3_r,-4.666432,-38.657648,35.138901
7,35,f_main1_r,3.345627,-37.754349,39.695150
7,36,f_main2_r,3.930922,-41.450553,36.632176
7,37,f_main3_r,4.164815,-44.538400,33.260272
7,38,f_pointer1_r,-1.777282,-38.275256,38.397125
7,39,f_pointer2_r,-0.991677,-42.655850,37.446948
7,40,f_pointer3_r,-0.309349,-45.555988,35.651481
7,41,scapular_r,-18.279737,28.995276,22.340103
7,42,chest_r,-15.021300,6.236820,22.457756
7,43,zero_joint_pelvis_l,3.250011,-15.437504,-2.351562
7,44,thigh_l,-4.405846,-17.823915,-6.880285
7,45,calf_l,-44.694099,-34.442426,15.654370
7,46,foot_l,-47.129362,-69.375668,-5.909576
7,47,toe_l,-59.807770,-79.045824,7.240016
7,48,back_l,2.677521,-19.599141,-15.384934
7,51,zero_joint_pelvis_r,3.250098,-15.437787,-2.351547
7,52,thigh_r,9.286436,-13.448131,4.313516
7,53,calf_r,21.473999,-50.016759,34.666895
7,54,foot_r,35.284667,-69.048934,0.928084
7,55,toe_r,36.250545,-78.905358,19.068748
7,56,back_r,16.862920,-15.064859,-3.789523
7,57,biceps_twist_l,-40.282581,-1.659614,-10.405525
7,58,biceps_twist_r,-9.695583,9.676966,26.472814
7,59,thigh_twist_l,-19.370213,-24.483576,1.086459
7,60,thigh_twist_r,14.082102,-27.336627,15.103915
8,0,pelvis,3.000000,-16.812500,-2.445312
8,1,stomach,-1.419172,-6.796054,-1.092463
8,2,chest,-10.874295,7.996632,1.522842
8,3,neck,-35.243765,20.515390,11.497639
8,4,head,-47.684452,23.682639,16.290706
8,5,hair,-59.395793,33.712468,16.005696
8,7,zero_joint_hand_l,-10.874309,7.996639,1.522839
8,8,clavicle_l,-32.886907,16.786418,9.376383
8,9,arm_l,-40.913611,7.031033,-4.095782
8,10,forearm_l,-42.703286,-19.596335,-15.323595
8,11,forearm_twist_l,-48.007948,-30.223083,-14.124955
8,12,hand_l,-53.649934,-41.498620,-12.857391
8,13,weapon_l,-57.188428,-52.088677,-11.070108
8,14,f_big1_l,-57.014635,-44.949820,-9.205609
8,15,f_big2_l,-60.192515,-46.751037,-7.795977
8,16,f_big3_l,-62.647308,-50.239461,-7.797150
8,17,f_main1_l,-58.733311,-50.931987,-16.766433
8,18,f_main2_l,-58.887577,-55.653849,-15.528720
8,19,f_main3_l,-55.889422,-58.123748,-12.988288
8,20,f_pointer1_l,-61.848418,-50.272552,-12.521692
8,21,f_pointer2_l,-62.726798,-54.689347,-12.859551
8,22,f_pointer3_l,-61.945088,-57.907623,-11.853188
8,23,scapular_l,-42.821270,14.725008,-2.961561
8,24,chest_l,-24.717618,-5.558457,10.704510
8,25,zero_joint_hand_r,-10.874179,7.996589,1.522792
8,26,clavicle_r,-30.613658,19.040196,12.100343
8,27,arm_r,-16.414979,19.111551,23.910811
8,28,forearm_r,-8.939628,-7.872205,31.278270
8,29,forearm_twist_r,-5.868735,-18.994384,34.308819
8,30,hand_r,-2.602473,-30.812255,37.540530
8,31,weapon_r,-2.202760,-41.521220,35.727336
8,32,f_big1_r,-6.293441,-35.001280,35.214166
8,33,f_big2_r,-8.169836,-38.436080,35.157080
8,34,f_big3_r,-8.942447,-42.629356,35.032190
8,35,f_main1_r,-0.990334,-41.867393,39.746108
8,36,f_main2_r,-0.364632,-45.692486,36.860682
8,37,f_main3_r,-0.091439,-49.101340,33.822828
8,38,f_pointer1_r,-6.087767,-42.328038,38.328378
8,39,f_pointer2_r,-5.582437,-46.775159,37.484018
8,40,f_pointer3_r,-5.078116,-49.836092,35.910354
8,41,scapular_r,-21.452931,25.331646,23.577191
8,42,chest_r,-15.183269,3.898594,22.121799
8,43,zero_joint_pelvis_l,3.000012,-16.812506,-2.445312
8,44,thigh_l,-4.638730,-19.229014,-6.986959
8,45,calf_l,-45.036813,-34.724630,16.143317
8,46,foot_l,-47.091956,-69.377790,-5.906637
8,47,toe_l,-59.751812,-79.053783,7.256529
8,48,back_l,2.500984,-21.263526,-15.385758
8,51,zero_joint_pelvis_r,3.000096,-16.812787,-2.445290
8,52,thigh_r,8.997051,-14.729151,4.226603
8,53,calf_r,20.657357,-51.185979,34.919695
8,54,foot_r,35.348403,-69.061142,0.920912
8,55,toe_r,36.267806,-78.918073,19.063715
8,56,back_r,16.627869,-16.600732,-3.769895
8,57,biceps_twist_l,-41.772845,-5.758147,-9.488590
8,58,biceps_twist_r,-12.825374,6.151317,27.450704
8,59,thigh_twist_l,-19.659043,-25.475457,1.205994
8,60,thigh_twist_r,13.614473,-28.572592,15.151776
9,0,pelvis,2.750000,-17.500000,-2.453125
9,1,stomach,-1.584968,-7.424379,-1.279076
9,2,chest,-11.299748,7.191957,1.375826
9,3,neck,-36.649659,17.600018,11.332794
9,4,head,-49.181949,20.581184,16.005050
9,5,hair,-61.195605,30.249587,15.836875
9,7,zero_joint_hand_l,-11.299761,7.191961,1.375824
9,8,clavicle_l,-33.993677,14.106343,9.164943
9,9,arm_l,-43.258687,4.657865,-3.718402
9,10,forearm_l,-42.864792,-22.155227,-14.635655
9,11,forearm_twist_l,-47.553899,-33.085033,-13.608260
9,12,hand_l,-52.536297,-44.668726,-12.524526
9,13,weapon_l,-53.627538,-56.007247,-10.465409
9,14,f_big1_l,-54.857663,-48.638380,-8.598096
9,15,f_big2_l,-57.473891,-51.050556,-6.969632
9,16,f_big3_l,-59.067911,-54.999993,-6.732062
9,17,f_main1_l,-55.493016,-55.143031,-15.880056
9,18,f_main2_l,-54.096038,-59.474209,-14.195829
9,19,f_main3_l,-51.447733,-62.326772,-11.747954
9,20,f_pointer1_l,-58.491196,-55.085713,-11.497094
9,21,f_pointer2_l,-58.205520,-59.615643,-11.560914
9,22,f_pointer3_l,-56.885516,-62.699933,-10.662605
9,23,scapular_l,-44.764745,12.429406,-2.511435
9,24,chest_l,-24.141059,-7.567498,10.147389
9,25,zero_joint_hand_r,-11.299626,7.191921,1.375778
9,26,clavicle_r,-31.925353,16.472881,11.955761
9,27,arm_r,-18.493713,16.831886,24.626866
9,28,forearm_r,-9.684638,-9.839001,31.651639
9,29,forearm_twist_r,-8.090737,-21.286082,34.608207
9,30,hand_r,-6.396569,-33.434738,37.757565
9,31,weapon_r,-6.247013,-43.527404,35.741571
9,32,f_big1_r,-10.095833,-37.546412,35.309560
9,33,f_big2_r,-12.006490,-40.959917,35.170853
9,34,f_big3_r,-12.823943,-45.141604,34.968194
9,35,f_main1_r,-4.927889,-44.540707,39.802770
9,36,f_main2_r,-4.287977,-48.367275,36.922421
9,37,f_main3_r,-3.998979,-51.803454,33.916986
9,38,f_pointer1_r,-10.007797,-44.924963,38.305257
9,39,f_pointer2_r,-9.645025,-49.376083,37.410214
9,40,f_pointer3_r,-9.230593,-52.444433,35.824796
9,41,scapular_r,-23.782747,22.829740,24.142167
9,42,chest_r,-15.466469,2.362627,21.845176
9,43,zero_joint_pelvis_l,2.750013,-17.500008,-2.453125
9,44,thigh_l,-4.858147,-19.898896,-7.055047
9,45,calf_l,-45.230903,-34.897002,16.444447
9,46,foot_l,-46.945693,-69.373536,-5.909384
9,47,toe_l,-59.563997,-79.068498,7.279694
9,48,back_l,2.359809,-22.109606,-15.341689
9,51,zero_joint_pelvis_r,2.750092,-17.500288,-2.453097
9,52,thigh_r,8.688151,-15.391131,4.263306
9,53,calf_r,20.245183,-51.836977,35.008456
9,54,foot_r,35.490248,-69.056350,0.915248
9,55,toe_r,36.403750,-78.933340,19.047438
9,56,back_r,16.394016,-17.438645,-3.617271
9,57,biceps_twist_l,-43.069131,-8.220485,-8.962063
9,58,biceps_twist_r,-14.263572,4.021849,28.002168
9,59,thigh_twist_l,-19.876483,-25.962434,1.277745
9,60,thigh_twist_r,13.277382,-29.225980,15.211216
10,0,pelvis,2.250000,-17.437500,-2.367188
10,1,stomach,-2.066292,-7.354284,-1.189538
10,2,chest,-12.167287,7.017842,1.354992
10,3,neck,-37.993471,16.267473,11.231200
10,4,head,-50.505386,19.395669,15.861750
10,5,hair,-62.583718,28.984490,15.810274
10,7,zero_joint_hand_l,-12.167299,7.017844,1.354990
10,8,clavicle_l,-35.185059,12.919189,9.026348
10,9,arm_l,-45.273510,3.315855,-3.101878
10,10,forearm_l,-44.996742,-24.108414,-12.381767
10,11,forearm_twist_l,-48.470524,-35.528836,-12.278190
10,12,hand_l,-52.164652,-47.633518,-12.174253
10,13,weapon_l,-52.093758,-58.981600,-9.819579
10,14,f_big1_l,-53.735341,-51.670430,-7.955247
10,15,f_big2_l,-55.920763,-54.320098,-6.079526
10,16,f_big3_l,-56.957955,-58.427632,-5.581745
10,17,f_main1_l,-53.859344,-58.559906,-14.902502
10,18,f_main2_l,-51.821758,-62.583196,-13.132487
10,19,f_main3_l,-48.929754,-65.220038,-10.733707
10,20,f_pointer1_l,-56.613774,-58.684805,-10.366125
10,21,f_pointer2_l,-55.760975,-63.145483,-10.237568
10,22,f_pointer3_l,-54.055354,-66.022160,-9.293444
10,23,scapular_l,-46.590405,11.139283,-2.015202
10,24,chest_l,-24.528646,-8.382854,9.703433
10,25,zero_joint_hand_r,-12.167161,7.017808,1.354946
10,26,clavicle_r,-33.236420,15.307323,11.884102
10,27,arm_r,-20.115532,15.551847,24.879379
10,28,forearm_r,-11.025294,-11.094401,31.634266
10,29,forearm_twist_r,-10.508170,-22.705310,34.324405
10,30,hand_r,-9.957701,-35.028371,37.191053
10,31,weapon_r,-9.700873,-45.077894,35.044462
10,32,f_big1_r,-13.685400,-39.036431,34.617562
10,33,f_big2_r,-15.646732,-42.416284,34.390310
10,34,f_big3_r,-16.526134,-46.580218,34.100286
10,35,f_main1_r,-8.691823,-46.191161,39.053663
10,36,f_main2_r,-8.038466,-49.975865,36.121486
10,37,f_main3_r,-7.731977,-53.367520,33.067600
10,38,f_pointer1_r,-13.756276,-46.468185,37.478685
10,39,f_pointer2_r,-13.422503,-50.905728,36.508127
10,40,f_pointer3_r,-13.014688,-53.948983,34.873392
10,41,scapular_r,-25.400665,21.551603,24.318095
10,42,chest_r,-16.356135,1.637979,21.682042
10,43,zero_joint_pelvis_l,2.250013,-17.437510,-2.367187
10,44,thigh_l,-5.279534,-19.766260,-7.131563
10,45,calf_l,-45.468360,-34.961709,16.555680
10,46,foot_l,-46.910590,-69.374646,-5.915088
10,47,toe_l,-59.494066,-79.089762,7.292424
10,48,back_l,2.084464,-21.937060,-15.299410
10,51,zero_joint_pelvis_r,2.250091,-17.437788,-2.367161
10,52,thigh_r,8.068854,-15.409623,4.477378
10,53,calf_r,19.781295,-52.077402,34.898121
10,54,foot_r,35.509612,-69.052542,0.902087
10,55,toe_r,36.421800,-78.954144,19.020914
10,56,back_r,15.913666,-17.422657,-3.273931
10,57,biceps_twist_l,-45.140188,-9.856058,-7.559087
10,58,biceps_twist_r,-15.750409,2.753594,28.125026
10,59,thigh_twist_l,-20.228945,-25.903248,1.271107
10,60,thigh_twist_r,12.718198,-29.307392,15.293476
11,0,pelvis,1.500000,-16.875000,-2.218750
11,1,stomach,-2.791654,-6.796171,-0.919759
11,2,chest,-13.320261,7.305606,1.393482
11,3,neck,-39.334639,16.166870,11.130887
11,4,head,-51.804838,19.501635,15.729702
11,5,hair,-63.932086,29.028416,15.797087
11,7,zero_joint_hand_l,-13.320271,7.305607,1.393480
11,8,clavicle_l,-36.471991,12.878393,8.905791
11,9,arm_l,-46.854115,3.005574,-2.748979
11,10,forearm_l,-48.033522,-25.017808,-9.931073
11,11,forearm_twist_l,-50.440847,-36.674166,-10.846529
11,12,hand_l,-53.004304,-49.029546,-11.823245
11,13,weapon_l,-52.558595,-60.463968,-9.283680
11,14,f_big1_l,-54.217605,-53.014711,-7.440312
11,15,f_big2_l,-56.192920,-55.722074,-5.419557
11,16,f_big3_l,-56.981631,-59.863370,-4.769142
11,17,f_main1_l,-54.163781,-60.111395,-14.177757
11,18,f_main2_l,-51.869250,-63.975858,-12.379189
11,19,f_main3_l,-48.953761,-66.606837,-10.010064
11,20,f_pointer1_l,-56.766390,-60.249442,-9.552168
11,21,f_pointer2_l,-55.737796,-64.671407,-9.296849
11,22,f_pointer3_l,-53.923965,-67.472387,-8.320180
11,23,scapular_l,-48.145803,10.852127,-1.807854
11,24,chest_l,-25.625404,-8.333079,9.374465
11,25,zero_joint_hand_r,-13.320132,7.305571,1.393438
11,26,clavicle_r,-34.576069,15.240408,11.820152
11,27,arm_r,-21.667938,15.391897,25.028177
11,28,forearm_r,-12.855408,-11.264409,32.103778
11,29,forearm_twist_r,-13.550461,-22.896482,34.695247
11,30,hand_r,-14.286268,-35.226538,37.453690
11,31,weapon_r,-14.239780,-45.264608,35.389860
11,32,f_big1_r,-18.218134,-39.071738,34.936150
11,33,f_big2_r,-20.333504,-42.359641,34.744389
11,34,f_big3_r,-21.404690,-46.480343,34.483038
11,35,f_main1_r,-13.510553,-46.427171,39.358032
11,36,f_main2_r,-13.008340,-50.247483,36.442296
11,37,f_main3_r,-12.842283,-53.665718,33.407238
11,38,f_pointer1_r,-18.596950,-46.479949,37.834403
11,39,f_pointer2_r,-18.400158,-50.929664,36.882304
11,40,f_pointer3_r,-18.096560,-53.991175,35.259019
11,41,scapular_r,-26.800769,21.498932,24.293921
11,42,chest_r,-17.673964,1.578319,21.590557
11,43,zero_joint_pelvis_l,1.500014,-16.875011,-2.218750
11,44,thigh_l,-5.927444,-19.056589,-7.207741
11,45,calf_l,-45.819429,-34.943576,16.527509
11,46,foot_l,-47.020867,-69.380589,-5.920527
11,47,toe_l,-59.576509,-79.109432,7.303360
11,48,back_l,1.614956,-21.088556,-15.247509
11,51,zero_joint_pelvis_r,1.500089,-16.875289,-2.218727
11,52,thigh_r,7.166962,-15.030354,4.802805
11,53,calf_r,19.227433,-52.037824,34.671201
11,54,foot_r,35.380556,-69.040054,0.888567
11,55,toe_r,36.292325,-78.966254,18.993951
11,56,back_r,15.181070,-16.916421,-2.805939
11,57,biceps_twist_l,-47.420178,-10.454118,-6.198623
11,58,biceps_twist_r,-17.436249,2.588816,28.427843
11,59,thigh_twist_l,-20.772847,-25.454386,1.218626
11,60,thigh_twist_r,11.948399,-29.044048,15.409718
12,0,pelvis,0.750000,-16.125000,-2.039062
12,1,stomach,-3.527524,-6.059764,-0.596047
12,2,chest,-14.449820,7.779365,1.464220
12,3,neck,-40.507443,16.655197,11.071864
12,4,head,-52.939032,20.162394,15.646882
12,5,hair,-65.105932,29.636997,15.827609
12,7,zero_joint_hand_l,-14.449830,7.779365,1.464219
12,8,clavicle_l,-37.640591,13.378048,8.835530
12,9,arm_l,-48.021195,3.346917,-2.684634
12,10,forearm_l,-49.817958,-24.815950,-9.158275
12,11,forearm_twist_l,-52.090007,-36.482571,-10.268096
12,12,hand_l,-54.509990,-48.848831,-11.451308
12,13,weapon_l,-53.776522,-60.741076,-8.842435
12,14,f_big1_l,-55.566190,-52.798350,-6.996032
12,15,f_big2_l,-57.442045,-55.531510,-4.916097
12,16,f_big3_l,-58.099461,-59.683827,-4.193942
12,17,f_main1_l,-55.353182,-59.996263,-13.623038
12,18,f_main2_l,-52.954089,-63.784679,-11.809667
12,19,f_main3_l,-50.096970,-66.473437,-9.441855
12,20,f_pointer1_l,-57.912487,-60.147324,-8.972560
12,21,f_pointer2_l,-56.857621,-64.556798,-8.625041
12,22,f_pointer3_l,-55.045006,-67.343513,-7.606213
12,23,scapular_l,-49.306780,11.210463,-1.848256
12,24,chest_l,-26.896784,-7.888303,9.163466
12,25,zero_joint_hand_r,-14.449689,7.779327,1.464178
12,26,clavicle_r,-35.759424,15.698717,11.792360
12,27,arm_r,-23.149529,15.864484,25.285239
12,28,forearm_r,-15.167277,-11.026324,32.458212
12,29,forearm_twist_r,-15.943652,-22.650369,35.062583
12,30,hand_r,-16.765761,-34.971906,37.834687
12,31,weapon_r,-17.077256,-45.022652,35.793279
12,32,f_big1_r,-20.878335,-38.629443,35.326243
12,33,f_big2_r,-23.145782,-41.814692,35.139845
12,34,f_big3_r,-24.409344,-45.880766,34.882179
12,35,f_main1_r,-16.512822,-46.195965,39.741557
12,36,f_main2_r,-16.131714,-50.032022,36.828148
12,37,f_main3_r,-16.075369,-53.457144,33.796838
12,38,f_pointer1_r,-21.599959,-46.010817,38.227379
12,39,f_pointer2_r,-21.505321,-50.464101,37.276333
12,40,f_pointer3_r,-21.275283,-53.532379,35.653735
12,41,scapular_r,-28.187431,22.027516,24.346462
12,42,chest_r,-19.007147,1.849767,21.557729
12,43,zero_joint_pelvis_l,0.750014,-16.125013,-2.039062
12,44,thigh_l,-6.564826,-18.147096,-7.256412
12,45,calf_l,-46.119050,-34.872406,16.468180
12,46,foot_l,-47.103628,-69.354369,-5.921336
12,47,toe_l,-59.631166,-79.100083,7.316774
12,48,back_l,1.159721,-20.019326,-15.160884
12,51,zero_joint_pelvis_r,0.750087,-16.125290,-2.039045
12,52,thigh_r,6.254530,-14.480693,5.159258
12,53,calf_r,18.755934,-51.838303,34.403963
12,54,foot_r,35.276399,-68.995705,0.878399
12,55,toe_r,36.184332,-78.951812,18.967548
12,56,back_r,14.440920,-16.219946,-2.299575
12,57,biceps_twist_l,-48.883832,-10.179774,-5.794022
12,58,biceps_twist_r,-19.316640,2.948789,28.731625
12,59,thigh_twist_l,-21.276478,-24.854751,1.163571
12,60,thigh_twist_r,11.204658,-28.625451,15.539186
13,0,pelvis,0.250000,-15.625000,-1.890625
13,1,stomach,-4.041501,-5.576094,-0.377026
13,2,chest,-15.258548,8.051033,1.504998
13,3,neck,-41.322575,16.969105,11.055987
13,4,head,-53.744479,20.524704,15.619940
13,5,hair,-65.944604,29.953922,15.904589
13,7,zero_joint_hand_l,-15.258557,8.051032,1.504997
13,8,clavicle_l,-38.459213,13.695610,8.809873
13,9,arm_l,-48.516554,3.435119,-2.794736
13,10,forearm_l,-50.572044,-24.734388,-9.161626
13,11,forearm_twist_l,-53.042664,-36.366675,-10.205589
13,12,hand_l,-55.672854,-48.696419,-11.319247
13,13,weapon_l,-54.708501,-61.128498,-8.794719
13,14,f_big1_l,-56.672875,-52.665675,-6.868126
13,15,f_big2_l,-58.510228,-55.427402,-4.791563
13,16,f_big3_l,-59.108965,-59.589400,-4.074125
13,17,f_main1_l,-56.358790,-59.851995,-13.503823
13,18,f_main2_l,-53.935222,-63.639270,-11.720861
13,19,f_main3_l,-51.164279,-66.431820,-9.378451
13,20,f_pointer1_l,-58.915533,-60.044656,-8.853549
13,21,f_pointer2_l,-57.925389,-64.470581,-8.474968
13,22,f_pointer3_l,-56.173221,-67.291365,-7.437642
13,23,scapular_l,-49.943417,11.283977,-2.020239
13,24,chest_l,-27.805732,-7.617435,9.038153
13,25,zero_joint_hand_r,-15.258416,8.050993,1.504956
13,26,clavicle_r,-36.581916,15.987724,11.791333
13,27,arm_r,-24.227866,16.306912,25.516140
13,28,forearm_r,-16.849880,-10.865489,32.262204
13,29,forearm_twist_r,-17.437428,-22.528213,34.702106
13,30,hand_r,-18.060199,-34.906632,37.303147
13,31,weapon_r,-18.767744,-44.969992,35.078461
13,32,f_big1_r,-22.326792,-38.311248,34.697785
13,33,f_big2_r,-24.745654,-41.377565,34.435720
13,34,f_big3_r,-26.204342,-45.371374,34.092725
13,35,f_main1_r,-18.370114,-46.163018,39.000243
13,36,f_main2_r,-18.082853,-49.954131,36.018050
13,37,f_main3_r,-18.107265,-53.323473,32.924442
13,38,f_pointer1_r,-23.429201,-45.700934,37.454995
13,39,f_pointer2_r,-23.416548,-50.136494,36.420188
13,40,f_pointer3_r,-23.236712,-53.178046,34.741888
13,41,scapular_r,-29.273497,22.440735,24.438069
13,42,chest_r,-19.932276,2.000927,21.535749
13,43,zero_joint_pelvis_l,0.250015,-15.625014,-1.890625
13,44,thigh_l,-6.957953,-17.550888,-7.289945
13,45,calf_l,-46.231457,-34.895061,16.456643
13,46,foot_l,-46.999716,-69.389161,-5.922643
13,47,toe_l,-59.501478,-79.149623,7.328962
13,48,back_l,0.926216,-19.311782,-15.061283
13,51,zero_joint_pelvis_r,0.250086,-15.625291,-1.890610
13,52,thigh_r,5.606362,-14.104926,5.445462
13,53,calf_r,18.539711,-51.720170,34.167419
13,54,foot_r,35.360684,-69.012330,0.861237
13,55,toe_r,36.264430,-78.998198,18.934184
13,56,back_r,13.943221,-15.740758,-1.868702
13,57,biceps_twist_l,-49.503379,-10.094768,-5.852860
13,58,biceps_twist_r,-20.685186,3.255983,28.757506
13,59,thigh_twist_l,-21.559425,-24.487256,1.136517
13,60,thigh_twist_r,10.717674,-28.336418,15.626816
14,0,pelvis,-0.250000,-15.250000,-1.765625
14,1,stomach,-4.600074,-5.212976,-0.343129
14,2,chest,-15.876724,8.364311,1.542910
14,3,neck,-41.818392,17.554989,11.168306
14,4,head,-54.258183,21.056540,15.725321
14,5,hair,-66.470406,30.469632,16.024516
14,7,zero_joint_hand_l,-15.876734,8.364311,1.542909
14,8,clavicle_l,-38.993891,14.245963,8.925055
14,9,arm_l,-48.853878,3.803716,-2.686787
14,10,forearm_l,-51.225510,-24.389375,-8.835639
14,11,forearm_twist_l,-53.831248,-35.997823,-9.814424
14,12,hand_l,-56.604619,-48.302192,-10.859228
14,13,weapon_l,-55.418773,-60.944201,-8.420303
14,14,f_big1_l,-57.528022,-52.289485,-6.408097
14,15,f_big2_l,-59.319120,-55.074840,-4.322698
14,16,f_big3_l,-59.866278,-59.244393,-3.607936
14,17,f_main1_l,-57.182977,-59.460867,-13.058401
14,18,f_main2_l,-54.735836,-63.252741,-11.328790
14,19,f_main3_l,-52.007635,-66.125920,-9.034201
14,20,f_pointer1_l,-59.701072,-59.690289,-8.388896
14,21,f_pointer2_l,-58.791752,-64.131558,-7.987908
14,22,f_pointer3_l,-57.100994,-66.986706,-6.942716
14,23,scapular_l,-50.391204,11.628606,-1.956921
14,24,chest_l,-28.525508,-7.157955,9.207678
14,25,zero_joint_hand_r,-15.876593,8.364270,1.542868
14,26,clavicle_r,-37.083164,16.535773,11.886985
14,27,arm_r,-24.690038,16.964709,25.573516
14,28,forearm_r,-17.667303,-10.346131,32.137255
14,29,forearm_twist_r,-18.236747,-22.022469,34.515558
14,30,hand_r,-18.840378,-34.415398,37.051197
14,31,weapon_r,-19.665358,-44.615213,34.746873
14,32,f_big1_r,-23.205196,-37.673696,34.421559
14,33,f_big2_r,-25.709459,-40.668392,34.134571
14,34,f_big3_r,-27.279696,-44.616382,33.755700
14,35,f_main1_r,-19.462078,-45.674810,38.639140
14,36,f_main2_r,-19.214692,-49.437733,35.617926
14,37,f_main3_r,-19.275679,-52.775347,32.490612
14,38,f_pointer1_r,-24.510787,-45.056096,37.108119
14,39,f_pointer2_r,-24.488920,-49.480835,36.028124
14,40,f_pointer3_r,-24.305950,-52.504914,34.318872
14,41,scapular_r,-29.756173,23.078321,24.476843
14,42,chest_r,-20.511831,2.450712,21.623339
14,43,zero_joint_pelvis_l,-0.249985,-15.250014,-1.765625
14,44,thigh_l,-7.368660,-17.215893,-7.268009
14,45,calf_l,-46.442081,-34.896691,16.560252
14,46,foot_l,-46.913780,-69.328402,-5.923084
14,47,toe_l,-59.387546,-79.108092,7.340722
14,48,back_l,0.638193,-18.967951,-14.914915
14,51,zero_joint_pelvis_r,-0.249913,-15.250290,-1.765608
14,52,thigh_r,4.989521,-13.691702,5.646430
14,53,calf_r,18.331955,-51.491455,33.935774
14,54,foot_r,35.426863,-68.942761,0.852822
14,55,toe_r,36.326537,-78.955211,18.911259
14,56,back_r,13.441658,-15.315884,-1.536855
14,57,biceps_twist_l,-49.993200,-9.745117,-5.641815
14,58,biceps_twist_r,-21.317993,3.847285,28.727290
14,59,thigh_twist_l,-21.893070,-24.276845,1.188108
14,60,thigh_twist_r,10.253428,-27.984043,15.663471
15,0,pelvis,-1.000000,-15.000000,-1.640625
15,1,stomach,-5.387665,-4.964580,-0.326386
15,2,chest,-16.729742,8.576884,1.571961
15,3,neck,-42.522371,18.113504,11.261134
15,4,head,-54.981592,21.553213,15.812160
15,5,hair,-67.169421,31.000829,15.995507
15,7,zero_joint_hand_l,-16.729751,8.576883,1.571959
15,8,clavicle_l,-39.745436,14.760060,9.024439
15,9,arm_l,-49.494961,4.274998,-2.641964
15,10,forearm_l,-52.150969,-23.926419,-8.634387
15,11,forearm_twist_l,-54.749173,-35.530179,-9.686068
15,12,hand_l,-57.514603,-47.829525,-10.808211
15,13,weapon_l,-56.141998,-60.425310,-8.497496
15,14,f_big1_l,-58.366745,-51.855084,-6.377356
15,15,f_big2_l,-60.114057,-54.673581,-4.299353
15,16,f_big3_l,-60.610115,-58.853481,-3.608116
15,17,f_main1_l,-57.981466,-58.979616,-13.075700
15,18,f_main2_l,-55.509676,-62.784832,-11.411676
15,19,f_main3_l,-52.801866,-65.717198,-9.176358
15,20,f_pointer1_l,-60.468224,-59.267218,-8.392716
15,21,f_pointer2_l,-59.632145,-63.722735,-7.990387
15,22,f_pointer3_l,-57.995350,-66.610002,-6.947531
15,23,scapular_l,-51.097777,12.088329,-1.893689
15,24,chest_l,-29.516059,-6.757954,9.384386
15,25,zero_joint_hand_r,-16.729611,8.576841,1.571918
15,26,clavicle_r,-37.795599,17.045372,11.964272
15,27,arm_r,-25.244097,17.421117,25.507289
15,28,forearm_r,-18.393120,-9.943396,32.028868
15,29,forearm_twist_r,-19.121415,-21.626676,34.368630
15,30,hand_r,-19.892671,-34.011274,36.860136
15,31,weapon_r,-20.606066,-44.389082,34.500119
15,32,f_big1_r,-24.290396,-37.216205,34.219763
15,33,f_big2_r,-26.819448,-40.188623,33.918940
15,34,f_big3_r,-28.422555,-44.121124,33.517330
15,35,f_main1_r,-20.601471,-45.275857,38.373145
15,36,f_main2_r,-20.326231,-49.013545,35.323152
15,37,f_main3_r,-20.363838,-52.328433,32.171393
15,38,f_pointer1_r,-25.647097,-44.606215,36.860232
15,39,f_pointer2_r,-25.535527,-49.021253,35.746600
15,40,f_pointer3_r,-25.295190,-52.028141,34.014280
15,41,scapular_r,-30.314204,23.536815,24.496493
15,42,chest_r,-21.338325,2.831809,21.707342
15,43,zero_joint_pelvis_l,-0.999985,-15.000014,-1.640624
15,44,thigh_l,-8.027123,-16.998471,-7.247937
15,45,calf_l,-46.907788,-34.995214,16.658967
15,46,foot_l,-47.057608,-69.360364,-5.930404
15,47,toe_l,-59.501910,-79.163421,7.343825
15,48,back_l,0.103149,-18.767237,-14.759575
15,51,zero_joint_pelvis_r,-0.999913,-15.000290,-1.640606
15,52,thigh_r,4.118444,-13.404753,5.847776
15,53,calf_r,17.890110,-51.379994,33.692904
15,54,foot_r,35.269561,-68.973100,0.834071
15,55,toe_r,36.165859,-79.007467,18.880506
15,56,back_r,12.686365,-15.043144,-1.193713
15,57,biceps_twist_l,-50.770210,-9.270232,-5.520204
15,58,biceps_twist_r,-21.954524,4.277918,28.640789
15,59,thigh_twist_l,-22.464780,-24.170761,1.229366
15,60,thigh_twist_r,9.542411,-27.754319,15.696195
16,0,pelvis,-1.500000,-14.750000,-1.531250
16,1,stomach,-5.942199,-4.724566,-0.328748
16,2,chest,-17.339022,8.769415,1.579812
16,3,neck,-42.962702,18.665900,11.355982
16,4,head,-55.442297,22.040211,15.900141
16,5,hair,-67.583429,31.549522,15.888155
16,7,zero_joint_hand_l,-17.339031,8.769414,1.579811
16,8,clavicle_l,-40.238040,15.266976,9.123679
16,9,arm_l,-49.977653,4.828915,-2.593042
16,10,forearm_l,-52.829230,-23.376690,-8.474862
16,11,forearm_twist_l,-55.324049,-34.989727,-9.665324
16,12,hand_l,-57.979765,-47.298935,-10.934682
16,13,weapon_l,-56.485915,-59.734336,-8.727545
16,14,f_big1_l,-58.782039,-51.365135,-6.531715
16,15,f_big2_l,-60.496957,-54.215596,-4.470392
16,16,f_big3_l,-60.951142,-58.405069,-3.808980
16,17,f_main1_l,-58.345189,-58.435947,-13.283603
16,18,f_main2_l,-55.855649,-62.254890,-11.678531
16,19,f_main3_l,-53.154360,-65.230673,-9.493257
16,20,f_pointer1_l,-60.817275,-58.782062,-8.596811
16,21,f_pointer2_l,-60.042582,-63.249217,-8.200691
16,22,f_pointer3_l,-58.451406,-66.162821,-7.160481
16,23,scapular_l,-51.588710,12.636811,-1.806273
16,24,chest_l,-30.260591,-6.367726,9.553592
16,25,zero_joint_hand_r,-17.338892,8.769370,1.579769
16,26,clavicle_r,-38.244924,17.546238,12.039084
16,27,arm_r,-25.510239,17.785174,25.413142
16,28,forearm_r,-18.694601,-9.573304,31.996773
16,29,forearm_twist_r,-19.647444,-21.242611,34.325568
16,30,hand_r,-20.656840,-33.612400,36.805517
16,31,weapon_r,-21.237730,-44.106393,34.429694
16,32,f_big1_r,-25.051136,-36.819769,34.162396
16,33,f_big2_r,-27.573692,-39.797198,33.856632
16,34,f_big3_r,-29.168217,-43.732235,33.445796
16,35,f_main1_r,-21.336953,-44.883058,38.286104
16,36,f_main2_r,-21.003505,-48.604093,35.221592
16,37,f_main3_r,-20.990306,-51.907607,32.057718
16,38,f_pointer1_r,-26.386465,-44.220749,36.782960
16,39,f_pointer2_r,-26.158577,-48.627034,35.652519
16,40,f_pointer3_r,-25.841983,-51.620251,33.908819
16,41,scapular_r,-30.583217,23.925149,24.513137
16,42,chest_r,-21.901323,3.196623,21.774066
16,43,zero_joint_pelvis_l,-1.499985,-14.750014,-1.531249
16,44,thigh_l,-8.435333,-16.799045,-7.233781
16,45,calf_l,-47.161290,-35.037348,16.741069
16,46,foot_l,-46.990977,-69.337794,-5.946285
16,47,toe_l,-59.402736,-79.168630,7.337865
16,48,back_l,-0.187366,-18.572698,-14.614821
16,51,zero_joint_pelvis_r,-1.499912,-14.750290,-1.531228
16,52,thigh_r,3.500140,-13.102484,6.025450
16,53,calf_r,17.651830,-51.245360,33.447696
16,54,foot_r,35.333047,-68.957704,0.814691
16,55,toe_r,36.225446,-79.008428,18.852215
16,56,back_r,12.178209,-14.742065,-0.879552
16,57,biceps_twist_l,-51.346809,-8.718330,-5.418171
16,58,biceps_twist_r,-22.237729,4.644857,28.576452
16,59,thigh_twist_l,-22.825569,-24.066803,1.276345
16,60,thigh_twist_r,9.066273,-27.506565,15.713662
17,0,pelvis,-2.000000,-14.562500,-1.437500
17,1,stomach,-6.550851,-4.574066,-0.337771
17,2,chest,-18.003905,8.871937,1.572789
17,3,neck,-43.450504,19.084554,11.485407
17,4,head,-55.950781,22.394434,16.020096
17,5,hair,-68.037830,31.969417,15.780988
17,7,zero_joint_hand_l,-18.003915,8.871937,1.572788
17,8,clavicle_l,-40.777947,15.646342,9.250272
17,9,arm_l,-50.616239,5.299539,-2.464949
17,10,forearm_l,-53.529933,-22.914355,-8.276145
17,11,forearm_twist_l,-55.879600,-34.542589,-9.605499
17,12,hand_l,-58.381437,-46.867954,-11.022150
17,13,weapon_l,-56.859475,-59.197211,-8.840172
17,14,f_big1_l,-59.174594,-50.959576,-6.641138
17,15,f_big2_l,-60.879767,-53.829596,-4.598960
17,16,f_big3_l,-61.311972,-58.024698,-3.958835
17,17,f_main1_l,-58.675371,-57.995575,-13.424993
17,18,f_main2_l,-56.183100,-61.825766,-11.851268
17,19,f_main3_l,-53.492695,-64.829884,-9.691482
17,20,f_pointer1_l,-61.160562,-58.378119,-8.747975
17,21,f_pointer2_l,-60.433128,-62.857047,-8.350304
17,22,f_pointer3_l,-58.879967,-65.788255,-7.302123
17,23,scapular_l,-52.172401,13.116456,-1.657770
17,24,chest_l,-31.024621,-6.089605,9.714923
17,25,zero_joint_hand_r,-18.003776,8.871891,1.572746
17,26,clavicle_r,-38.739842,17.918730,12.139825
17,27,arm_r,-25.895143,18.023622,25.409996
17,28,forearm_r,-19.010223,-9.281677,32.140667
17,29,forearm_twist_r,-20.137686,-20.928786,34.502364
17,30,hand_r,-21.332196,-33.275028,37.017153
17,31,weapon_r,-21.956286,-43.706770,34.658513
17,32,f_big1_r,-25.711251,-36.503469,34.374392
17,33,f_big2_r,-28.222340,-39.490804,34.070860
17,34,f_big3_r,-29.801717,-43.432477,33.665154
17,35,f_main1_r,-21.972255,-44.545454,38.517234
17,36,f_main2_r,-21.584324,-48.265083,35.457431
17,37,f_main3_r,-21.522275,-51.571768,32.297453
17,38,f_pointer1_r,-27.022321,-43.904636,37.006654
17,39,f_pointer2_r,-26.702181,-48.306552,35.881565
17,40,f_pointer3_r,-26.322690,-51.294764,34.141840
17,41,scapular_r,-30.946976,24.191687,24.586332
17,42,chest_r,-22.476664,3.445880,21.826945
17,43,zero_joint_pelvis_l,-1.999985,-14.562514,-1.437499
17,44,thigh_l,-8.845108,-16.703926,-7.214616
17,45,calf_l,-47.487514,-35.044537,16.816934
17,46,foot_l,-47.052109,-69.285931,-5.955922
17,47,toe_l,-59.430972,-79.145384,7.337710
17,48,back_l,-0.490701,-18.433949,-14.485479
17,51,zero_joint_pelvis_r,-1.999910,-14.562789,-1.437475
17,52,thigh_r,2.891140,-12.832220,6.171857
17,53,calf_r,17.300368,-51.145461,33.219937
17,54,foot_r,35.291063,-68.934295,0.798372
17,55,toe_r,36.178055,-78.992936,18.831750
17,56,back_r,11.668484,-14.421868,-0.618387
17,57,biceps_twist_l,-52.015306,-8.251684,-5.256141
17,58,biceps_twist_r,-22.589324,4.908858,28.643927
17,59,thigh_twist_l,-23.203131,-24.010059,1.317034
17,60,thigh_twist_r,8.554467,-27.292623,15.718809
18,0,pelvis,-2.250000,-14.500000,-1.382812
18,1,stomach,-7.002839,-4.597669,-0.361617
18,2,chest,-18.510226,8.782547,1.539069
18,3,neck,-43.783172,19.203153,11.676921
18,4,head,-56.303357,22.450885,16.201614
18,5,hair,-68.346185,32.074173,15.757919
18,7,zero_joint_hand_l,-18.510235,8.782547,1.539068
18,8,clavicle_l,-41.157647,15.740046,9.424547
18,9,arm_l,-51.214210,5.479579,-2.180757
18,10,forearm_l,-53.995364,-22.758403,-7.939666
18,11,forearm_twist_l,-56.207110,-34.406250,-9.332420
18,12,hand_l,-58.562702,-46.752504,-10.816306
18,13,weapon_l,-57.114544,-59.182445,-8.514291
18,14,f_big1_l,-59.400036,-50.835274,-6.435255
18,15,f_big2_l,-61.125497,-53.701457,-4.404760
18,16,f_big3_l,-61.563421,-57.895332,-3.760499
18,17,f_main1_l,-58.829514,-57.885123,-13.199081
18,18,f_main2_l,-56.354499,-61.719347,-11.608037
18,19,f_main3_l,-53.692437,-64.736626,-9.431542
18,20,f_pointer1_l,-61.362631,-58.258609,-8.547109
18,21,f_pointer2_l,-60.665334,-62.740200,-8.126143
18,22,f_pointer3_l,-59.141665,-65.676914,-7.050451
18,23,scapular_l,-52.638727,13.325546,-1.405811
18,24,chest_l,-31.555616,-6.063948,9.850539
18,25,zero_joint_hand_r,-18.510097,8.782500,1.539024
18,26,clavicle_r,-39.074664,18.005322,12.287559
18,27,arm_r,-26.276971,18.067842,25.603335
18,28,forearm_r,-19.246993,-9.149026,32.539110
18,29,forearm_twist_r,-20.378007,-20.768395,34.994415
18,30,hand_r,-21.577839,-33.100813,37.611743
18,31,weapon_r,-22.629327,-43.184970,35.311622
18,32,f_big1_r,-25.955314,-36.332971,34.970908
18,33,f_big2_r,-28.475666,-39.313443,34.676830
18,34,f_big3_r,-30.067498,-43.252237,34.292241
18,35,f_main1_r,-22.266213,-44.357476,39.191643
18,36,f_main2_r,-21.862750,-48.098657,36.160255
18,37,f_main3_r,-21.784667,-51.427671,33.024168
18,38,f_pointer1_r,-27.306319,-43.709732,37.651049
18,39,f_pointer2_r,-26.968667,-48.118714,36.559243
18,40,f_pointer3_r,-26.572850,-51.118441,34.843131
18,41,scapular_r,-31.286351,24.257626,24.754183
18,42,chest_r,-22.819470,3.441689,21.851236
18,43,zero_joint_pelvis_l,-2.249985,-14.500014,-1.382811
18,44,thigh_l,-9.006407,-16.798460,-7.203838
18,45,calf_l,-47.657445,-35.071956,16.864928
18,46,foot_l,-47.029760,-69.264673,-5.976476
18,47,toe_l,-59.372604,-79.159902,7.324064
18,48,back_l,-0.562908,-18.395197,-14.401915
18,51,zero_joint_pelvis_r,-2.249904,-14.500287,-1.382786
18,52,thigh_r,2.546455,-12.643152,6.256924
18,53,calf_r,17.030200,-51.136223,33.008252
18,54,foot_r,35.333356,-68.944727,0.772910
18,55,toe_r,36.228256,-78.999362,18.808131
18,56,back_r,11.406280,-14.089302,-0.457860
18,57,biceps_twist_l,-52.549598,-8.083212,-4.946841
18,58,biceps_twist_r,-22.901463,4.995562,28.935788
18,59,thigh_twist_l,-23.367906,-24.080444,1.342594
18,60,thigh_twist_r,8.235585,-27.152523,15.683711
19,0,pelvis,-2.500000,-14.437500,-1.367188
19,1,stomach,-7.821939,-4.829551,-0.341149
19,2,chest,-19.512201,8.428025,1.282798
19,3,neck,-44.603370,18.804509,11.905828
19,4,head,-57.128659,22.138990,16.352623
19,5,hair,-69.130322,31.797147,15.635463
19,7,zero_joint_hand_l,-19.512210,8.428024,1.282797
19,8,clavicle_l,-42.016071,15.346969,9.601291
19,9,arm_l,-52.388838,5.100619,-1.735056
19,10,forearm_l,-54.711958,-23.184459,-7.465754
19,11,forearm_twist_l,-56.782073,-34.864892,-8.802186
19,12,hand_l,-58.987612,-47.245846,-10.226364
19,13,weapon_l,-57.613164,-60.006736,-7.670351
19,14,f_big1_l,-59.868174,-51.286061,-5.814446
19,15,f_big2_l,-61.612237,-54.134533,-3.774942
19,16,f_big3_l,-62.051338,-58.322452,-3.093795
19,17,f_main1_l,-59.211787,-58.402044,-12.500785
19,18,f_main2_l,-56.731243,-62.218358,-10.875657
19,19,f_main3_l,-54.061437,-65.223755,-8.692218
19,20,f_pointer1_l,-61.796361,-58.733077,-7.873971
19,21,f_pointer2_l,-61.097176,-63.209171,-7.400862
19,22,f_pointer3_l,-59.575449,-66.132938,-6.287805
19,23,scapular_l,-53.669958,12.983477,-1.056809
19,24,chest_l,-32.377121,-6.443723,9.827158
19,25,zero_joint_hand_r,-19.512072,8.427977,1.282750
19,26,clavicle_r,-39.882456,17.612865,12.426276
19,27,arm_r,-27.269219,17.814838,25.915538
19,28,forearm_r,-19.880411,-9.269829,32.994361
19,29,forearm_twist_r,-20.712903,-20.890624,35.595903
19,30,hand_r,-21.594473,-33.208734,38.364962
19,31,weapon_r,-23.494233,-42.621243,36.138264
19,32,f_big1_r,-25.995431,-36.429207,35.748998
19,33,f_big2_r,-28.544612,-39.387708,35.482880
19,34,f_big3_r,-30.174426,-43.314896,35.141258
19,35,f_main1_r,-22.401135,-44.437639,40.080604
19,36,f_main2_r,-22.025273,-48.219713,37.096787
19,37,f_main3_r,-21.970254,-51.587703,34.002099
19,38,f_pointer1_r,-27.429349,-43.758518,38.514869
19,39,f_pointer2_r,-27.132461,-48.183774,37.478460
19,40,f_pointer3_r,-26.761061,-51.208218,35.800702
19,41,scapular_r,-32.262427,24.001762,24.929768
19,42,chest_r,-23.428768,3.064518,21.668375
19,43,zero_joint_pelvis_l,-2.499984,-14.437513,-1.367186
19,44,thigh_l,-9.154042,-17.153608,-7.125899
19,45,calf_l,-47.948524,-35.039377,17.003260
19,46,foot_l,-47.131009,-69.127195,-5.988433
19,47,toe_l,-59.430826,-79.104016,7.290997
19,48,back_l,-0.687560,-18.275848,-14.386328
19,51,zero_joint_pelvis_r,-2.499886,-14.437782,-1.367161
19,52,thigh_r,2.237960,-12.271156,6.227424
19,53,calf_r,16.652336,-50.996697,32.679024
19,54,foot_r,35.314738,-69.004383,0.761888
19,55,toe_r,36.198434,-78.979061,18.842004
19,56,back_r,11.114907,-13.216613,-0.553586
19,57,biceps_twist_l,-53.504179,-8.484790,-4.487591
19,58,biceps_twist_r,-23.721366,4.806053,29.316720
19,59,thigh_twist_l,-23.572492,-24.293037,1.444883
19,60,thigh_twist_r,7.903923,-26.861626,15.542327
20,0,pelvis,-3.250000,-14.500000,-1.312500
20,1,stomach,-9.433754,-5.435034,-0.182873
20,2,chest,-21.482472,7.556750,0.868163
20,3,neck,-46.378008,17.686300,12.168226
20,4,head,-58.863391,21.295935,16.511196
20,5,hair,-70.801940,30.998419,15.430889
20,7,zero_joint_hand_l,-21.482481,7.556748,0.868163
20,8,clavicle_l,-43.822256,14.258723,9.785048
20,9,arm_l,-54.312311,3.968953,-1.403075
20,10,forearm_l,-55.841886,-24.320578,-7.373525
20,11,forearm_twist_l,-57.718048,-36.037465,-8.676800
20,12,hand_l,-59.718004,-48.457272,-10.065787
20,13,weapon_l,-58.097178,-61.343473,-7.377122
20,14,f_big1_l,-60.541824,-52.490294,-5.636363
20,15,f_big2_l,-62.238141,-55.364052,-3.592063
20,16,f_big3_l,-62.591644,-59.556516,-2.889415
20,17,f_main1_l,-59.686043,-59.628514,-12.276292
20,18,f_main2_l,-57.094266,-63.380723,-10.675660
20,19,f_main3_l,-54.296592,-66.326792,-8.572953
20,20,f_pointer1_l,-62.294834,-59.988830,-7.665284
20,21,f_pointer2_l,-61.500289,-64.445954,-7.164437
20,22,f_pointer3_l,-59.904982,-67.329548,-6.049609
20,23,scapular_l,-55.567106,11.856081,-0.774550
20,24,chest_l,-34.002635,-7.452076,9.680759
20,25,zero_joint_hand_r,-21.482340,7.556702,0.868110
20,26,clavicle_r,-41.635750,16.531898,12.563358
20,27,arm_r,-29.287653,16.915505,26.291871
20,28,forearm_r,-21.222385,-10.012898,33.226998
20,29,forearm_twist_r,-21.529043,-21.647593,35.881009
20,30,hand_r,-21.852855,-33.980352,38.705703
20,31,weapon_r,-24.578845,-42.662944,36.514795
20,32,f_big1_r,-26.233274,-37.253466,36.120785
20,33,f_big2_r,-28.763985,-40.230200,35.883175
20,34,f_big3_r,-30.369191,-44.170621,35.579531
20,35,f_main1_r,-22.590468,-45.196798,40.529685
20,36,f_main2_r,-22.190544,-49.005198,37.582707
20,37,f_main3_r,-22.114091,-52.402626,34.520826
20,38,f_pointer1_r,-27.623513,-44.564196,38.956710
20,39,f_pointer2_r,-27.298793,-48.997347,37.963278
20,40,f_pointer3_r,-26.908320,-52.035526,36.314924
20,41,scapular_r,-34.293094,23.066789,25.157003
20,42,chest_r,-24.832679,2.086719,21.326248
20,43,zero_joint_pelvis_l,-3.249983,-14.500011,-1.312499
20,44,thigh_l,-9.720915,-17.835343,-6.953336
20,45,calf_l,-48.602320,-35.258995,17.373225
20,46,foot_l,-47.108050,-69.051236,-6.017313
20,47,toe_l,-59.381755,-79.104924,7.228261
20,48,back_l,-1.317904,-18.161509,-14.365324
20,51,zero_joint_pelvis_r,-3.249857,-14.500273,-1.312476
20,52,thigh_r,1.398330,-11.890856,6.197815
20,53,calf_r,16.139352,-50.846203,32.126797
20,54,foot_r,35.396853,-69.189670,0.759115
20,55,toe_r,36.284914,-79.017818,18.919087
20,56,back_r,10.201867,-12.001977,-0.742039
20,57,biceps_twist_l,-55.046538,-9.618584,-4.270745
20,58,biceps_twist_r,-25.414890,3.981745,29.624040
20,59,thigh_twist_l,-24.176387,-24.805562,1.694025
20,60,thigh_twist_r,7.193398,-26.568399,15.325123
21,0,pelvis,-5.500000,-14.812500,-1.125000
21,1,stomach,-12.383950,-6.288248,0.154387
21,2,chest,-24.888488,6.298446,0.678224
21,3,neck,-49.596979,16.254302,12.529735
21,4,head,-61.968924,20.193643,16.910629
21,5,hair,-73.811582,29.976648,15.540054
21,7,zero_joint_hand_l,-24.888495,6.298442,0.678226
21,8,clavicle_l,-47.073860,12.850119,10.079183
21,9,arm_l,-57.132106,2.590348,-1.525277
21,10,forearm_l,-57.753815,-25.545383,-8.328039
21,11,forearm_twist_l,-59.415159,-37.270733,-9.831387
21,12,hand_l,-61.187325,-49.699612,-11.432351
21,13,weapon_l,-58.824829,-61.966741,-9.059054
21,14,f_big1_l,-61.807135,-53.834349,-7.063881
21,15,f_big2_l,-63.351938,-56.825394,-5.068297
21,16,f_big3_l,-63.478255,-61.040499,-4.426134
21,17,f_main1_l,-60.534954,-60.819764,-13.798919
21,18,f_main2_l,-57.689625,-64.438166,-12.325940
21,19,f_main3_l,-54.628066,-67.250647,-10.416887
21,20,f_pointer1_l,-63.138814,-61.387841,-9.206075
21,21,f_pointer2_l,-62.097623,-65.801060,-8.773040
21,22,f_pointer3_l,-60.321898,-68.605991,-7.732786
21,23,scapular_l,-58.562485,10.434975,-0.755847
21,24,chest_l,-37.153797,-8.811444,9.674594
21,25,zero_joint_hand_r,-24.888351,6.298397,0.678167
21,26,clavicle_r,-44.842139,15.121434,12.822846
21,27,arm_r,-32.860542,15.480663,26.873007
21,28,forearm_r,-23.914547,-11.306094,33.254409
21,29,forearm_twist_r,-23.693824,-22.979740,35.740610
21,30,hand_r,-23.458368,-35.353889,38.387437
21,31,weapon_r,-26.529866,-43.685554,36.154836
21,32,f_big1_r,-27.682227,-38.813288,35.784607
21,33,f_big2_r,-30.077858,-41.898813,35.534904
21,34,f_big3_r,-31.506368,-45.905845,35.220284
21,35,f_main1_r,-23.702832,-46.595200,40.191762
21,36,f_main2_r,-23.126389,-50.377072,37.239866
21,37,f_main3_r,-22.890820,-53.762503,34.172808
21,38,f_pointer1_r,-28.755379,-46.183278,38.604820
21,39,f_pointer2_r,-28.231889,-50.595985,37.605243
21,40,f_pointer3_r,-27.702608,-53.611059,35.953196
21,41,scapular_r,-37.876044,21.610569,25.643100
21,42,chest_r,-27.794387,0.719581,21.174817
21,43,zero_joint_pelvis_l,-5.499982,-14.812509,-1.124999
21,44,thigh_l,-11.737406,-18.607410,-6.738350
21,45,calf_l,-50.385853,-35.879861,18.062635
21,46,foot_l,-47.163168,-69.058044,-6.022384
21,47,toe_l,-59.410047,-79.120449,7.241389
21,48,back_l,-3.411323,-18.183799,-14.231778
21,51,zero_joint_pelvis_r,-5.499830,-14.812766,-1.124981
21,52,thigh_r,-1.001455,-11.906215,6.367399
21,53,calf_r,15.321556,-50.673924,31.621170
21,54,foot_r,35.051786,-69.380061,0.765633
21,55,toe_r,36.219958,-79.105867,18.964803
21,56,back_r,7.711255,-11.240291,-0.655520
21,57,biceps_twist_l,-57.430273,-10.923301,-4.792720
21,58,biceps_twist_r,-28.564703,2.614906,29.939250
21,59,thigh_twist_l,-26.107329,-25.526004,2.091137
21,60,thigh_twist_r,5.378523,-26.499296,15.236374
22,0,pelvis,-9.000000,-15.250000,-0.757812
22,1,stomach,-16.261328,-7.076139,0.708333
22,2,chest,-29.353553,4.908241,0.884492
22,3,neck,-54.011253,15.162950,12.586017
22,4,head,-66.220908,19.412681,17.129116
22,5,hair,-77.961696,29.287447,15.555236
22,7,zero_joint_hand_l,-29.353559,4.908235,0.884495
22,8,clavicle_l,-51.525006,11.750185,10.109868
22,9,arm_l,-60.395313,1.310439,-2.276580
22,10,forearm_l,-60.238456,-26.739784,-9.449018
22,11,forearm_twist_l,-61.727156,-38.483169,-10.991940
22,12,hand_l,-63.316439,-50.931268,-12.635025
22,13,weapon_l,-59.925722,-61.351428,-10.628780
22,14,f_big1_l,-63.591845,-55.099705,-8.263294
22,15,f_big2_l,-64.878265,-58.212087,-6.269974
22,16,f_big3_l,-64.638921,-62.421447,-5.622331
22,17,f_main1_l,-61.685500,-61.954499,-14.982881
22,18,f_main2_l,-58.472847,-65.288141,-13.595762
22,19,f_main3_l,-55.052097,-67.787967,-11.870360
22,20,f_pointer1_l,-64.249711,-62.742881,-10.400274
22,21,f_pointer2_l,-62.817692,-67.045874,-9.974041
22,22,f_pointer3_l,-60.769724,-69.675731,-8.977726
22,23,scapular_l,-62.249550,9.028750,-1.455123
22,24,chest_l,-42.039343,-10.099158,9.459455
22,25,zero_joint_hand_r,-29.353409,4.908188,0.884432
22,26,clavicle_r,-49.284511,13.928542,12.920931
22,27,arm_r,-37.764039,14.271007,27.352014
22,28,forearm_r,-27.896212,-12.247496,33.490293
22,29,forearm_twist_r,-27.357107,-23.929475,35.887096
22,30,hand_r,-26.784086,-36.312496,38.439179
22,31,weapon_r,-29.645013,-44.698335,36.309243
22,32,f_big1_r,-30.671345,-40.135327,35.823251
22,33,f_big2_r,-32.824926,-43.398149,35.630307
22,34,f_big3_r,-34.039890,-47.480508,35.401526
22,35,f_main1_r,-26.122346,-47.508733,40.363939
22,36,f_main2_r,-25.195353,-51.361610,37.605889
22,37,f_main3_r,-24.639285,-54.977589,34.873193
22,38,f_pointer1_r,-31.170048,-47.548326,38.711485
22,39,f_pointer2_r,-30.310483,-51.953350,37.912926
22,40,f_pointer3_r,-29.539476,-55.063471,36.554115
22,41,scapular_r,-42.755218,20.383796,25.992421
22,42,chest_r,-32.642956,-0.957880,21.242454
22,43,zero_joint_pelvis_l,-8.999982,-15.250007,-0.757812
22,44,thigh_l,-15.068379,-19.203641,-6.446377
22,45,calf_l,-53.160342,-36.870185,18.931261
22,46,foot_l,-47.349620,-69.027566,-6.036798
22,47,toe_l,-59.585471,-79.096278,7.232366
22,48,back_l,-6.782810,-18.243084,-13.935117
22,51,zero_joint_pelvis_r,-8.999812,-15.250264,-0.757800
22,52,thigh_r,-4.625189,-12.302813,6.791661
22,53,calf_r,14.293258,-50.324543,31.359310
22,54,foot_r,34.126589,-69.484612,0.850355
22,55,toe_r,35.977070,-79.160691,19.019421
22,56,back_r,4.036418,-11.092723,-0.221784
22,57,biceps_twist_l,-60.319528,-12.162133,-5.721555
22,58,biceps_twist_r,-33.025449,1.534047,30.301492
22,59,thigh_twist_l,-29.225491,-26.273807,2.604059
22,60,thigh_twist_r,2.706593,-26.605957,15.393203
23,0,pelvis,-14.000000,-15.062500,-0.269531
23,1,stomach,-21.649307,-7.303150,1.453565
23,2,chest,-35.280108,4.066130,1.512660
23,3,neck,-59.731517,15.085369,12.949089
23,4,head,-71.783475,19.280271,17.941955
23,5,hair,-83.666025,29.036765,16.737765
23,7,zero_joint_hand_l,-35.280112,4.066123,1.512665
23,8,clavicle_l,-57.318250,11.577371,10.534556
23,9,arm_l,-64.095892,0.962954,-2.974420
23,10,forearm_l,-63.058362,-26.894052,-10.797094
23,11,forearm_twist_l,-64.391735,-38.639770,-12.459672
23,12,hand_l,-65.816287,-51.090411,-14.229669
23,13,weapon_l,-61.854992,-59.312632,-12.672495
23,14,f_big1_l,-65.905344,-55.321821,-9.910991
23,15,f_big2_l,-67.007285,-58.549968,-7.992679
23,16,f_big3_l,-66.458877,-62.735428,-7.378998
23,17,f_main1_l,-63.247847,-61.922016,-16.630391
23,18,f_main2_l,-59.754523,-64.975419,-15.276946
23,19,f_main3_l,-56.065619,-67.157078,-13.676937
23,20,f_pointer1_l,-65.890092,-62.965789,-12.144179
23,21,f_pointer2_l,-64.119260,-67.143064,-11.740907
23,22,f_pointer3_l,-61.856136,-69.600095,-10.769190
23,23,scapular_l,-66.579065,8.451482,-2.218941
23,24,chest_l,-48.362431,-10.502158,10.247597
23,25,zero_joint_hand_r,-35.279958,4.066071,1.512599
23,26,clavicle_r,-55.037586,13.742099,13.323759
23,27,arm_r,-44.130739,14.038336,28.225023
23,28,forearm_r,-32.821283,-11.939162,34.187344
23,29,forearm_twist_r,-32.354824,-23.652715,36.441011
23,30,hand_r,-31.858946,-36.069348,38.841435
23,31,weapon_r,-33.719079,-45.029452,36.923254
23,32,f_big1_r,-35.151492,-40.411732,36.217794
23,33,f_big2_r,-36.912213,-43.906637,36.146126
23,34,f_big3_r,-37.873471,-48.061378,36.080058
23,35,f_main1_r,-29.772913,-47.047430,40.989165
23,36,f_main2_r,-28.260890,-50.993571,38.678354
23,37,f_main3_r,-27.144504,-54.978867,36.776496
23,38,f_pointer1_r,-34.730947,-47.788027,39.231354
23,39,f_pointer2_r,-33.369914,-52.132506,38.877450
23,40,f_pointer3_r,-32.219169,-55.357519,38.221981
23,41,scapular_r,-49.041641,20.167650,26.662711
23,42,chest_r,-38.797440,-1.418128,21.938852
23,43,zero_joint_pelvis_l,-13.999982,-15.062506,-0.269531
23,44,thigh_l,-19.943747,-19.223098,-5.942058
23,45,calf_l,-56.802668,-38.628930,19.980181
23,46,foot_l,-47.301832,-69.022989,-6.042903
23,47,toe_l,-59.525131,-79.097112,7.233720
23,48,back_l,-11.835320,-17.701305,-13.531006
23,51,zero_joint_pelvis_r,-13.999792,-15.062760,-0.269528
23,52,thigh_r,-9.666768,-12.027748,7.269224
23,53,calf_r,12.632534,-49.207376,30.237578
23,54,foot_r,33.291641,-69.559554,1.078433
23,55,toe_r,35.969339,-79.246824,19.138124
23,56,back_r,-1.188364,-10.245794,0.154628
23,57,biceps_twist_l,-63.597155,-12.416806,-6.731692
23,58,biceps_twist_r,-38.699782,1.561140,31.089998
23,59,thigh_twist_l,-33.619397,-26.942765,3.315629
23,60,thigh_twist_r,-1.098110,-25.994101,15.259214
24,0,pelvis,-20.750000,-13.500000,0.324219
24,1,stomach,-28.953450,-6.412185,2.362543
24,2,chest,-42.635139,4.895667,2.443829
24,3,neck,-66.486559,17.318807,13.707145
24,4,head,-78.376200,20.578555,19.689294
24,5,hair,-91.235673,29.087699,19.939556
24,7,zero_joint_hand_l,-42.635143,4.895659,2.443835
24,8,clavicle_l,-64.211800,13.562658,11.544598
24,9,arm_l,-69.020204,3.250137,-3.002770
24,10,forearm_l,-66.577177,-24.113398,-12.143450
24,11,forearm_twist_l,-67.696437,-35.837656,-14.091003
24,12,hand_l,-68.893981,-48.265591,-16.162971
24,13,weapon_l,-65.034379,-55.170237,-14.887205
24,14,f_big1_l,-69.315433,-52.712817,-12.087643
24,15,f_big2_l,-70.530693,-56.052398,-10.448901
24,16,f_big3_l,-69.955524,-60.254122,-9.990504
24,17,f_main1_l,-65.870743,-58.916698,-18.827165
24,18,f_main2_l,-62.378008,-61.928973,-17.383072
24,19,f_main3_l,-58.668303,-64.036953,-15.733167
24,20,f_pointer1_l,-68.917279,-60.231538,-14.681465
24,21,f_pointer2_l,-67.072354,-64.382921,-14.349240
24,22,f_pointer3_l,-64.801363,-66.822229,-13.351571
24,23,scapular_l,-71.914518,10.557984,-2.287429
24,24,chest_l,-55.539171,-8.583579,13.002108
24,25,zero_joint_hand_r,-42.634990,4.895599,2.443766
24,26,clavicle_r,-61.797967,15.943497,14.028978
24,27,arm_r,-51.610309,16.108466,29.432846
24,28,forearm_r,-39.732729,-9.734491,34.850236
24,29,forearm_twist_r,-38.499587,-21.428579,36.861490
24,30,hand_r,-37.189416,-33.840505,39.007660
24,31,weapon_r,-37.734511,-43.440641,37.140019
24,32,f_big1_r,-39.824593,-38.600201,36.368329
24,33,f_big2_r,-41.153047,-42.283726,36.383960
24,34,f_big3_r,-41.870474,-46.487375,36.410403
24,35,f_main1_r,-33.632430,-44.419834,41.218314
24,36,f_main2_r,-31.518399,-48.315343,39.363056
24,37,f_main3_r,-29.834097,-52.419957,38.422097
24,38,f_pointer1_r,-38.419617,-45.858061,39.411095
24,39,f_pointer2_r,-36.567061,-50.039694,39.486726
24,40,f_pointer3_r,-35.057139,-53.184131,39.607765
24,41,scapular_r,-56.353371,22.304261,27.632792
24,42,chest_r,-45.415875,1.406174,23.414496
24,43,zero_joint_pelvis_l,-20.749982,-13.500003,0.324219
24,44,thigh_l,-26.528832,-18.133815,-5.148360
24,45,calf_l,-61.019132,-41.251610,20.988122
24,46,foot_l,-47.234403,-69.020870,-6.032519
24,47,toe_l,-59.446256,-79.103818,7.247938
24,48,back_l,-18.860148,-15.924048,-13.020004
24,51,zero_joint_pelvis_r,-20.749767,-13.500245,0.324212
24,52,thigh_r,-16.412243,-10.126432,7.714913
24,53,calf_r,9.530519,-47.030960,27.006304
24,54,foot_r,32.612860,-69.601973,1.530422
24,55,toe_r,36.036102,-79.365073,19.422572
24,56,back_r,-8.379497,-7.627272,0.305098
24,57,biceps_twist_l,-67.846433,-9.892586,-7.393086
24,58,biceps_twist_r,-45.906445,3.695849,32.036050
24,59,thigh_twist_l,-39.275223,-27.227365,4.187502
24,60,thigh_twist_r,-6.515737,-23.940574,14.314163
25,0,pelvis,-28.750000,-10.125000,0.808594
25,1,stomach,-37.243799,-3.472802,3.109056
25,2,chest,-50.287310,8.558327,3.535082
25,3,neck,-72.602005,24.087326,14.070329
25,4,head,-84.054993,27.046552,20.987531
25,5,hair,-97.615340,33.761254,23.964781
25,7,zero_joint_hand_l,-50.287314,8.558321,3.535089
25,8,clavicle_l,-70.714723,19.931056,12.302913
25,9,arm_l,-74.648060,10.533939,-3.102208
25,10,forearm_l,-73.055537,-16.849741,-12.369431
25,11,forearm_twist_l,-74.244216,-28.526188,-14.549240
25,12,hand_l,-75.515345,-40.903320,-16.866900
25,13,weapon_l,-72.719455,-46.831244,-15.497544
25,14,f_big1_l,-76.956859,-45.348327,-13.029232
25,15,f_big2_l,-78.739084,-48.556880,-11.671294
25,16,f_big3_l,-78.698891,-52.804630,-11.283425
25,17,f_main1_l,-73.371620,-51.778869,-19.476664
25,18,f_main2_l,-70.359048,-55.153807,-17.775903
25,19,f_main3_l,-66.990706,-57.616781,-15.900881
25,20,f_pointer1_l,-77.060680,-52.813531,-15.800072
25,21,f_pointer2_l,-75.693254,-57.141792,-15.420061
25,22,f_pointer3_l,-73.776122,-59.816706,-14.292054
25,23,scapular_l,-77.324671,17.901689,-2.267752
25,24,chest_l,-63.641949,-2.495931,16.150086
25,25,zero_joint_hand_r,-50.287168,8.558242,3.535021
25,26,clavicle_r,-68.017881,22.394474,14.382757
25,27,arm_r,-58.564593,22.286581,30.248395
25,28,forearm_r,-49.582715,-4.889074,34.617959
25,29,forearm_twist_r,-45.881240,-16.087146,36.412319
25,30,hand_r,-41.950817,-27.972410,38.328255
25,31,weapon_r,-40.945843,-38.996607,36.352457
25,32,f_big1_r,-44.133192,-32.932861,35.644482
25,33,f_big2_r,-45.124835,-36.720817,35.665656
25,34,f_big3_r,-45.658556,-40.951458,35.668394
25,35,f_main1_r,-37.301604,-38.159611,40.297378
25,36,f_main2_r,-34.786616,-41.902066,38.671540
25,37,f_main3_r,-32.734053,-45.921224,38.356521
25,38,f_pointer1_r,-41.940485,-40.064749,38.536272
25,39,f_pointer2_r,-39.739004,-44.073710,38.814101
25,40,f_pointer3_r,-37.997676,-47.040565,39.426502
25,41,scapular_r,-63.024100,28.620831,28.219712
25,42,chest_r,-52.331716,7.839279,24.865371
25,43,zero_joint_pelvis_l,-28.749983,-10.125002,0.808594
25,44,thigh_l,-34.438513,-15.034743,-4.516020
25,45,calf_l,-65.651917,-41.380785,22.663722
25,46,foot_l,-48.688349,-67.272678,-4.412335
25,47,toe_l,-59.525985,-80.165953,7.565762
25,48,back_l,-27.121967,-12.413638,-12.593923
25,51,zero_joint_pelvis_r,-28.749753,-10.125233,0.808580
25,52,thigh_r,-24.380529,-6.552845,8.086429
25,53,calf_r,5.170801,-43.616967,20.739440
25,54,foot_r,31.925929,-69.237553,2.878468
25,55,toe_r,36.038980,-79.666617,20.241738
25,56,back_r,-16.702123,-3.625270,0.460974
25,57,biceps_twist_l,-73.882787,-2.618469,-7.553313
25,58,biceps_twist_r,-54.251443,9.233968,32.348353
25,59,thigh_twist_l,-45.915840,-25.324449,5.216111
25,60,thigh_twist_r,-13.180517,-20.336920,12.195013
26,0,pelvis,-35.000000,-6.250000,0.785156
26,1,stomach,-43.151619,0.773803,3.215337
26,2,chest,-55.034904,13.913185,4.313936
26,3,neck,-74.337095,34.100734,12.679054
26,4,head,-84.879719,39.970401,19.173337
26,5,hair,-96.238013,49.241129,23.956328
26,7,zero_joint_hand_l,-55.034911,13.913182,4.313942
26,8,clavicle_l,-73.238391,29.598526,11.103359
26,9,arm_l,-77.482870,21.448568,-4.917169
26,10,forearm_l,-76.481999,-5.200249,-16.192018
26,11,forearm_twist_l,-81.185922,-16.169145,-15.946313
26,12,hand_l,-86.183794,-27.793990,-15.691424
26,13,weapon_l,-85.811256,-33.249404,-13.658789
26,14,f_big1_l,-89.553520,-31.330373,-12.127342
26,15,f_big2_l,-92.425146,-33.776041,-11.084464
26,16,f_big3_l,-93.722082,-37.812725,-10.616946
26,17,f_main1_l,-86.938470,-38.990596,-17.628041
26,18,f_main2_l,-85.326270,-42.938495,-15.353552
26,19,f_main3_l,-83.068381,-46.086708,-12.920784
26,20,f_pointer1_l,-91.370598,-38.635692,-14.725060
26,21,f_pointer2_l,-91.361772,-43.140556,-14.051090
26,22,f_pointer3_l,-90.460096,-46.160909,-12.578877
26,23,scapular_l,-79.279129,29.044774,-3.847728
26,24,chest_l,-71.559638,6.264854,15.632838
26,25,zero_joint_hand_r,-55.034782,13.913075,4.313888
26,26,clavicle_r,-70.275140,31.469535,13.424051
26,27,arm_r,-61.267766,30.909887,29.537670
26,28,forearm_r,-52.769989,3.542827,33.674732
26,29,forearm_twist_r,-49.268108,-7.734105,35.373288
26,30,hand_r,-45.549369,-19.703155,37.187497
26,31,weapon_r,-43.454838,-32.044171,34.980532
26,32,f_big1_r,-47.666437,-24.688995,34.497146
26,33,f_big2_r,-48.550134,-28.503616,34.498201
26,34,f_big3_r,-48.997172,-32.744048,34.457933
26,35,f_main1_r,-40.537229,-29.771271,38.855770
26,36,f_main2_r,-37.953348,-33.430606,37.150640
26,37,f_main3_r,-35.798839,-37.391412,36.832781
26,38,f_pointer1_r,-45.168399,-31.798810,37.211650
26,39,f_pointer2_r,-42.851044,-35.746677,37.410936
26,40,f_pointer3_r,-41.017880,-38.658806,38.018011
26,41,scapular_r,-65.318131,37.465935,27.373405
26,42,chest_r,-59.130593,14.115312,25.358230
26,43,zero_joint_pelvis_l,-34.999984,-6.250002,0.785156
26,44,thigh_l,-40.928391,-10.775944,-4.617277
26,45,calf_l,-71.419885,-39.389499,21.047138
26,46,foot_l,-56.055910,-67.532714,-4.705015
26,47,toe_l,-66.638246,-80.191109,7.742671
26,48,back_l,-33.495291,-8.378362,-12.658122
26,51,zero_joint_pelvis_r,-34.999768,-6.250243,0.785138
26,52,thigh_r,-30.454350,-3.028963,8.118739
26,53,calf_r,1.858101,-39.705797,12.342987
26,54,foot_r,30.403133,-68.403280,5.069664
26,55,toe_r,35.949242,-80.089974,21.188832
26,56,back_r,-22.644358,-0.351335,0.535171
26,57,biceps_twist_l,-77.001759,8.649097,-10.332503
26,58,biceps_twist_r,-57.187160,17.765337,31.525954
26,59,thigh_twist_l,-52.113279,-21.887908,4.533897
26,60,thigh_twist_r,-18.279131,-16.562227,9.086347
27,0,pelvis,-39.500000,-2.750000,0.437500
27,1,stomach,-46.686582,5.252544,2.887154
27,2,chest,-56.775511,19.743713,4.698862
27,3,neck,-71.325135,44.433127,10.068051
27,4,head,-79.583110,54.297621,14.787504
27,5,hair,-86.343649,67.079325,20.150094
27,7,zero_joint_hand_l,-56.775520,19.743715,4.698864
27,8,clavicle_l,-71.162070,39.790630,8.525253
27,9,arm_l,-76.732980,32.926232,-7.690163
27,10,forearm_l,-81.681407,6.054615,-17.266837
27,11,forearm_twist_l,-88.908598,-3.239548,-15.342330
27,12,hand_l,-96.590580,-13.099173,-13.304321
27,13,weapon_l,-99.129465,-18.311141,-10.336096
27,14,f_big1_l,-101.563684,-14.576510,-10.197964
27,15,f_big2_l,-105.260409,-15.683448,-9.546785
27,16,f_big3_l,-107.998379,-18.893349,-8.917900
27,17,f_main1_l,-101.039294,-23.555179,-14.055906
27,18,f_main2_l,-101.300424,-27.332044,-11.051662
27,19,f_main3_l,-100.648459,-30.564311,-7.880688
27,20,f_pointer1_l,-105.456083,-21.206145,-12.275167
27,21,f_pointer2_l,-107.096558,-25.299465,-11.134257
27,22,f_pointer3_l,-107.502591,-28.160192,-9.196643
27,23,scapular_l,-77.226147,40.683757,-6.400392
27,24,chest_l,-76.667201,16.895918,12.174956
27,25,zero_joint_hand_r,-56.775418,19.743582,4.698833
27,26,clavicle_r,-68.341849,40.811692,11.469897
27,27,arm_r,-59.143375,39.599047,27.439001
27,28,forearm_r,-52.678579,11.780950,32.197504
27,29,forearm_twist_r,-50.014468,0.317987,34.152100
27,30,hand_r,-47.184948,-11.848406,36.238060
27,31,weapon_r,-45.596958,-23.237335,33.745267
27,32,f_big1_r,-49.749747,-16.679778,33.660352
27,33,f_big2_r,-50.868802,-20.432256,33.663386
27,34,f_big3_r,-51.350291,-24.669235,33.615347
27,35,f_main1_r,-42.893125,-22.261884,37.850837
27,36,f_main2_r,-40.717127,-25.980305,35.723754
27,37,f_main3_r,-38.887309,-29.955998,34.533896
27,38,f_pointer1_r,-47.718778,-23.923028,36.365790
27,39,f_pointer2_r,-45.639051,-27.992642,36.174161
27,40,f_pointer3_r,-43.953917,-31.047868,36.085204
27,41,scapular_r,-62.676301,46.454616,25.296402
27,42,chest_r,-64.833392,21.183128,24.514929
27,43,zero_joint_pelvis_l,-39.499986,-2.750003,0.437501
27,44,thigh_l,-45.876631,-6.338740,-5.154976
27,45,calf_l,-78.514348,-35.043760,17.603104
27,46,foot_l,-70.126049,-68.132429,-5.332502
27,47,toe_l,-81.460425,-79.644261,7.558401
27,48,back_l,-38.041042,-4.802779,-13.022564
27,51,zero_joint_pelvis_r,-39.499807,-2.750267,0.437482
27,52,thigh_r,-34.703635,-0.306342,7.910308
27,53,calf_r,-1.540453,-36.461314,7.522646
27,54,foot_r,26.267567,-66.757022,7.135675
27,55,toe_r,34.709247,-79.235326,21.284726
27,56,back_r,-26.465814,1.447976,0.511874
27,57,biceps_twist_l,-79.109353,20.019680,-12.289897
27,58,biceps_twist_r,-56.039233,26.237956,29.725771
27,59,thigh_twist_l,-57.860290,-17.454994,2.880768
27,60,thigh_twist_r,-22.246090,-13.573420,7.171006
28,0,pelvis,-43.750000,-0.312500,0.070312
28,1,stomach,-49.439873,8.827742,2.472353
28,2,chest,-57.043886,24.717481,4.653616
28,3,neck,-65.720860,52.402064,7.545145
28,4,head,-70.939649,64.683109,10.662163
28,5,hair,-73.964783,79.132352,15.123350
28,7,zero_joint_hand_l,-57.043892,24.717490,4.653614
28,8,clavicle_l,-66.491073,47.785051,6.113506
28,9,arm_l,-74.192310,41.983044,-9.638395
28,10,forearm_l,-86.166981,16.233921,-15.284044
28,11,forearm_twist_l,-94.394872,7.914071,-12.920605
28,12,hand_l,-103.138338,-0.909530,-10.416138
28,13,weapon_l,-108.213108,-5.835186,-6.548772
28,14,f_big1_l,-108.482770,-0.190305,-7.680539
28,15,f_big2_l,-112.369323,0.010217,-7.268680
28,16,f_big3_l,-116.008492,-2.044084,-6.413271
28,17,f_main1_l,-110.606663,-9.489172,-9.870370
28,18,f_main2_l,-112.155846,-12.362887,-6.306638
28,19,f_main3_l,-112.657157,-14.978474,-2.587085
28,20,f_pointer1_l,-114.147702,-5.624243,-9.021615
28,21,f_pointer2_l,-116.941342,-8.838391,-7.405159
28,22,f_pointer3_l,-118.224214,-11.090092,-5.084158
28,23,scapular_l,-73.341809,49.712942,-8.367479
28,24,chest_l,-77.837385,27.077625,9.316372
28,25,zero_joint_hand_r,-57.043826,24.717342,4.653601
28,26,clavicle_r,-63.921092,48.246035,9.407415
28,27,arm_r,-53.593464,46.150699,24.574629
28,28,forearm_r,-46.084896,18.927761,30.963410
28,29,forearm_twist_r,-47.017284,7.286982,33.400702
28,30,hand_r,-48.005687,-5.068206,35.998953
28,31,weapon_r,-48.386676,-13.183870,33.307581
28,32,f_big1_r,-51.642443,-9.339935,33.738539
28,33,f_big2_r,-53.421378,-12.826484,33.703311
28,34,f_big3_r,-54.081487,-17.038357,33.561222
28,35,f_main1_r,-46.013731,-16.092318,38.044312
28,36,f_main2_r,-44.904323,-19.791216,35.139851
28,37,f_main3_r,-44.210890,-23.168560,32.133828
28,38,f_pointer1_r,-51.134515,-16.686296,36.771352
28,39,f_pointer2_r,-49.844505,-20.952095,35.831129
28,40,f_pointer3_r,-48.851016,-23.865520,34.210942
28,41,scapular_r,-56.547678,53.331763,22.631687
28,42,chest_r,-67.050811,29.013823,23.121990
28,43,zero_joint_pelvis_l,-43.749988,-0.312504,0.070314
28,44,thigh_l,-50.560166,-2.672367,-5.662833
28,45,calf_l,-84.685818,-32.385051,13.303590
28,46,foot_l,-84.058314,-68.705558,-5.975741
28,47,toe_l,-96.313759,-78.922070,7.161711
28,48,back_l,-42.433190,-2.509380,-13.381657
28,51,zero_joint_pelvis_r,-43.749862,-0.312791,0.070296
28,52,thigh_r,-38.733064,1.190776,7.645928
28,53,calf_r,-6.730223,-35.996635,7.854557
28,54,foot_r,20.093940,-67.168728,8.029400
28,55,toe_r,32.574448,-78.621000,19.872038
28,56,back_r,-30.180074,1.494013,0.405033
28,57,biceps_twist_l,-79.943409,29.615534,-12.350102
28,58,biceps_twist_r,-49.987999,33.075501,27.644422
28,59,thigh_twist_l,-63.095653,-14.141600,0.943204
28,60,thigh_twist_r,-26.685310,-12.480553,7.129001
29,0,pelvis,-48.000000,0.437500,-0.070312
29,1,stomach,-51.889739,10.493198,2.262355
29,2,chest,-56.427434,27.544881,4.189061
29,3,neck,-59.441111,56.470919,6.260041
29,4,head,-62.736102,69.351196,9.579249
29,5,hair,-63.220410,84.707716,10.912279
29,7,zero_joint_hand_l,-56.427437,27.544893,4.189057
29,8,clavicle_l,-61.187501,52.038525,5.135969
29,9,arm_l,-71.405168,46.904808,-9.367098
29,10,forearm_l,-85.116885,21.773644,-13.691083
29,11,forearm_twist_l,-93.648224,13.962978,-10.739186
29,12,hand_l,-102.713580,5.680323,-7.609743
29,13,weapon_l,-109.293471,1.315754,-3.111062
29,14,f_big1_l,-107.663849,7.773984,-4.741064
29,15,f_big2_l,-111.432910,8.551505,-3.807863
29,16,f_big3_l,-115.001911,6.740401,-2.105644
29,17,f_main1_l,-111.806444,-0.976706,-6.086270
29,18,f_main2_l,-113.031977,-2.594714,-1.725939
29,19,f_main3_l,-112.455311,-3.392671,2.713568
29,20,f_pointer1_l,-114.402589,3.609921,-5.455093
29,21,f_pointer2_l,-117.103288,1.209543,-2.675187
29,22,f_pointer3_l,-117.439004,0.148825,0.621031
29,23,scapular_l,-69.574222,54.536688,-8.364557
29,24,chest_l,-75.934146,34.039536,10.270898
29,25,zero_joint_hand_r,-56.427402,27.544743,4.189048
29,26,clavicle_r,-58.309629,52.118654,8.198414
29,27,arm_r,-46.034365,49.058748,21.653882
29,28,forearm_r,-35.088861,23.677843,30.272990
29,29,forearm_twist_r,-41.618930,14.073917,33.034642
29,30,hand_r,-48.541112,3.894098,35.973245
29,31,weapon_r,-51.725157,-2.713950,34.108930
29,32,f_big1_r,-53.661044,1.160071,34.266197
29,33,f_big2_r,-56.430575,-1.580986,33.902948
29,34,f_big3_r,-57.442596,-5.682060,33.320430
29,35,f_main1_r,-50.635101,-6.926127,38.883309
29,36,f_main2_r,-51.015906,-9.811280,34.966988
29,37,f_main3_r,-51.434779,-10.320882,30.372785
29,38,f_pointer1_r,-55.674098,-5.575634,37.909687
29,39,f_pointer2_r,-55.769799,-9.607798,35.878942
29,40,f_pointer3_r,-55.615958,-10.796236,32.631974
29,41,scapular_r,-48.456462,56.505746,19.981250
29,42,chest_r,-63.856668,34.376455,23.105037
29,43,zero_joint_pelvis_l,-47.999989,0.437494,-0.070311
29,44,thigh_l,-55.155557,-0.671403,-5.761062
29,45,calf_l,-88.926119,-31.855867,11.391409
29,46,foot_l,-90.300853,-68.968380,-6.273164
29,47,toe_l,-102.982382,-78.570557,6.923150
29,48,back_l,-47.174403,-2.081972,-13.504836
29,51,zero_joint_pelvis_r,-47.999922,0.437196,-0.070325
29,52,thigh_r,-42.756659,1.052439,7.476120
29,53,calf_r,-16.379615,-38.205858,20.520914
29,54,foot_r,9.375147,-67.421380,7.314435
29,55,toe_r,23.248731,-77.627709,18.738981
29,56,back_r,-34.328697,-0.294970,0.207688
29,57,biceps_twist_l,-77.990614,34.834091,-11.443985
29,58,biceps_twist_r,-40.778097,36.868300,25.794948
29,59,thigh_twist_l,-67.525477,-12.659660,0.156635
29,60,thigh_twist_r,-32.718506,-13.555744,11.737335
30,0,pelvis,-51.000000,-0.562500,-0.058594
30,1,stomach,-53.192123,10.015849,2.173360
30,2,chest,-54.720562,27.655383,3.427729
30,3,neck,-53.799380,56.694676,5.868588
30,4,head,-56.222305,69.625066,9.703960
30,5,hair,-57.725029,84.813922,7.496084
30,7,zero_joint_hand_l,-54.720562,27.655398,3.427722
30,8,clavicle_l,-56.219547,52.531005,4.992998
30,9,arm_l,-68.378998,47.830670,-8.089407
30,10,forearm_l,-79.704916,21.899304,-14.218947
30,11,forearm_twist_l,-88.440156,15.050164,-9.827046
30,12,hand_l,-97.721722,7.788269,-5.169377
30,13,weapon_l,-104.944151,4.321336,-0.281992
30,14,f_big1_l,-102.129266,10.551989,-1.812728
30,15,f_big2_l,-105.297912,11.232610,0.626739
30,16,f_big3_l,-107.697192,8.471373,3.304601
30,17,f_main1_l,-107.535232,2.528600,-3.020866
30,18,f_main2_l,-106.854732,2.079931,1.675566
30,19,f_main3_l,-103.456531,3.580030,4.196077
30,20,f_pointer1_l,-109.402868,7.408860,-2.114023
30,21,f_pointer2_l,-110.465817,5.575195,1.931008
30,22,f_pointer3_l,-108.009952,6.113574,4.335527
30,23,scapular_l,-65.934587,55.391707,-7.409425
30,24,chest_l,-72.273785,36.412269,12.081188
30,25,zero_joint_hand_r,-54.720548,27.655251,3.427710
30,26,clavicle_r,-52.970173,52.205084,7.639220
30,27,arm_r,-39.041167,48.768815,19.269765
30,28,forearm_r,-27.728290,24.364111,29.980167
30,29,forearm_twist_r,-37.580529,18.329105,32.982834
30,30,hand_r,-48.024826,11.933959,36.176497
30,31,weapon_r,-54.385553,6.830402,35.449486
30,32,f_big1_r,-53.959291,11.661600,35.028372
30,33,f_big2_r,-57.416570,10.152473,33.994641
30,34,f_big3_r,-58.801920,6.247403,32.974759
30,35,f_main1_r,-54.288502,3.101595,39.775161
30,36,f_main2_r,-55.234522,1.895885,35.088385
30,37,f_main3_r,-54.024294,4.667060,31.472181
30,38,f_pointer1_r,-58.279848,6.541647,39.147687
30,39,f_pointer2_r,-59.529722,3.567112,36.044123
30,40,f_pointer3_r,-58.558397,4.792037,32.977757
30,41,scapular_r,-41.133793,56.304786,17.551799
30,42,chest_r,-58.639560,35.045395,23.168734
30,43,zero_joint_pelvis_l,-50.999991,-0.562506,-0.058592
30,44,thigh_l,-58.381696,-0.608116,-5.565387
30,45,calf_l,-91.364475,-32.284289,12.207775
30,46,foot_l,-90.428462,-69.018202,-6.258658
30,47,toe_l,-103.100112,-78.626252,6.942871
30,48,back_l,-50.920970,-3.379768,-13.459060
30,51,zero_joint_pelvis_r,-50.999974,-0.562805,-0.058601
30,52,thigh_r,-45.537274,-0.674135,7.355284
30,53,calf_r,-23.353486,-39.677478,27.198359
30,54,foot_r,-2.661135,-68.014824,5.748719
30,55,toe_r,9.607323,-78.068280,18.999331
30,56,back_r,-37.613564,-3.447164,-0.074472
30,57,biceps_twist_l,-73.818464,35.375625,-11.033528
30,58,biceps_twist_r,-33.608254,37.047422,24.415267
30,59,thigh_twist_l,-70.452899,-12.781198,0.587215
30,60,thigh_twist_r,-37.068262,-15.314227,14.157076
31,0,pelvis,-51.000000,-2.875000,-0.031250
31,1,stomach,-51.971475,7.908581,2.080408
31,2,chest,-51.240670,25.636007,2.597142
31,3,neck,-49.044550,54.533047,5.794805
31,4,head,-50.944675,67.782236,8.731499
31,5,hair,-52.313651,82.772643,5.377723
31,7,zero_joint_hand_l,-51.240668,25.636024,2.597134
31,8,clavicle_l,-51.652330,50.501092,4.844749
31,9,arm_l,-64.386342,46.119256,-7.794048
31,10,forearm_l,-73.218395,19.544866,-15.147964
31,11,forearm_twist_l,-81.972332,13.815451,-9.399370
31,12,hand_l,-91.273628,7.741935,-3.302259
31,13,weapon_l,-98.670776,5.515063,1.824105
31,14,f_big1_l,-95.176071,10.762369,0.566734
31,15,f_big2_l,-97.333522,10.799187,4.096108
31,16,f_big3_l,-98.913309,6.906134,6.183935
31,17,f_main1_l,-101.419097,3.416304,-0.774347
31,18,f_main2_l,-99.041441,3.424179,3.311819
31,19,f_main3_l,-95.280660,5.649282,2.532964
31,20,f_pointer1_l,-102.724597,8.381407,0.539299
31,21,f_pointer2_l,-102.040884,6.781757,4.774304
31,22,f_pointer3_l,-98.852871,8.162279,4.632519
31,23,scapular_l,-61.537387,53.587398,-7.317778
31,24,chest_l,-68.283679,34.891090,11.738274
31,25,zero_joint_hand_r,-51.240661,25.635882,2.597118
31,26,clavicle_r,-48.384168,49.965868,7.433144
31,27,arm_r,-33.962009,47.413579,18.684006
31,28,forearm_r,-22.239180,23.620167,30.291429
31,29,forearm_twist_r,-33.535198,21.012110,33.104880
31,30,hand_r,-45.525076,18.247522,36.101273
31,31,weapon_r,-54.200518,14.119778,36.357706
31,32,f_big1_r,-51.258337,20.000095,35.282023
31,33,f_big2_r,-54.799555,19.480456,33.705406
31,34,f_big3_r,-56.543883,15.697188,32.787268
31,35,f_main1_r,-54.214354,11.944303,40.022931
31,36,f_main2_r,-54.627066,11.835416,35.074080
31,37,f_main3_r,-51.285223,14.916053,33.635975
31,38,f_pointer1_r,-56.793707,16.563278,39.617591
31,39,f_pointer2_r,-58.327180,14.646920,35.905942
31,40,f_pointer3_r,-55.973437,16.435977,34.169712
31,41,scapular_r,-35.986580,54.783141,16.269885
31,42,chest_r,-54.570803,32.646403,22.583205
31,43,zero_joint_pelvis_l,-50.999992,-2.875007,-0.031249
31,44,thigh_l,-58.575170,-2.223713,-5.228261
31,45,calf_l,-92.304172,-32.768859,13.115059
31,46,foot_l,-90.377632,-68.999262,-6.247584
31,47,toe_l,-103.047625,-78.617986,6.947762
31,48,back_l,-51.792368,-5.888522,-13.365663
31,51,zero_joint_pelvis_r,-51.000007,-2.875301,-0.031252
31,52,thigh_r,-45.266085,-3.450701,7.152774
31,53,calf_r,-25.779133,-41.178492,31.729214
31,54,foot_r,-12.265053,-68.536422,4.157873
31,55,toe_r,-3.054150,-78.630441,19.663864
31,56,back_r,-38.003522,-7.158769,-0.540181
31,57,biceps_twist_l,-68.628015,33.355421,-11.326257
31,58,biceps_twist_r,-28.331950,35.985967,24.260378
31,59,thigh_twist_l,-70.945327,-13.998147,1.148523
31,60,thigh_twist_r,-37.854405,-17.710028,15.725424
32,0,pelvis,-49.000000,-5.375000,-0.003906
32,1,stomach,-49.215183,5.471028,1.997554
32,2,chest,-47.060545,23.089705,1.947569
32,3,neck,-45.527237,51.943927,5.842405
32,4,head,-47.034005,65.498658,7.174534
32,5,hair,-45.514174,80.626629,4.592126
32,7,zero_joint_hand_l,-47.060542,23.089723,1.947561
32,8,clavicle_l,-48.007073,47.894342,4.654557
32,9,arm_l,-59.630562,43.821771,-9.107833
32,10,forearm_l,-68.417314,17.081303,-15.891920
32,11,forearm_twist_l,-77.125819,12.385462,-9.226450
32,12,hand_l,-86.390423,7.402606,-2.147412
32,13,weapon_l,-93.829949,6.672709,3.133653
32,14,f_big1_l,-89.917401,10.552012,1.998269
32,15,f_big2_l,-91.767886,10.370295,5.716190
32,16,f_big3_l,-93.486819,6.309573,7.413037
32,17,f_main1_l,-96.747739,3.764479,0.594199
32,18,f_main2_l,-93.947432,3.584174,4.384363
32,19,f_main3_l,-90.347351,5.698939,2.912681
32,20,f_pointer1_l,-97.614770,8.755379,2.152186
32,21,f_pointer2_l,-96.546499,7.036109,6.258834
32,22,f_pointer3_l,-93.431550,8.393759,5.512591
32,23,scapular_l,-56.538655,51.178138,-8.444889
32,24,chest_l,-64.777105,31.901469,10.203312
32,25,zero_joint_hand_r,-47.060532,23.089585,1.947543
32,26,clavicle_r,-44.895319,47.354181,7.428066
32,27,arm_r,-31.724067,47.094458,20.371999
32,28,forearm_r,-17.077657,24.300361,30.579607
32,29,forearm_twist_r,-28.727259,23.242605,32.921698
32,30,hand_r,-41.092386,22.123694,35.417731
32,31,weapon_r,-50.407445,18.154237,36.154341
32,32,f_big1_r,-46.610549,24.485893,34.661852
32,33,f_big2_r,-50.157464,24.256597,33.033642
32,34,f_big3_r,-52.154503,20.560208,32.311529
32,35,f_main1_r,-50.345242,16.904949,39.634158
32,36,f_main2_r,-50.625028,16.833810,34.663313
32,37,f_main3_r,-46.828968,19.548021,33.629976
32,38,f_pointer1_r,-52.397295,21.776691,39.170983
32,39,f_pointer2_r,-54.030982,20.039075,35.418933
32,40,f_pointer3_r,-51.369056,21.626060,33.956655
32,41,scapular_r,-33.730378,53.953562,16.744042
32,42,chest_r,-51.719557,29.636383,21.825013
32,43,zero_joint_pelvis_l,-48.999992,-5.375007,-0.003905
32,44,thigh_l,-56.787767,-4.328904,-4.807308
32,45,calf_l,-92.006014,-33.041218,13.696935
32,46,foot_l,-90.378149,-68.982952,-6.223092
32,47,toe_l,-103.050373,-78.611692,6.962802
32,48,back_l,-50.675675,-8.488304,-13.233237
32,51,zero_joint_pelvis_r,-49.000026,-5.375297,-0.003903
32,52,thigh_r,-42.937849,-6.212068,6.878611
32,53,calf_r,-23.750928,-42.324825,33.986908
32,54,foot_r,-16.238722,-68.775156,3.405665
32,55,toe_r,-8.875869,-78.803208,19.909976
32,56,back_r,-36.326540,-10.438405,-1.127939
32,57,biceps_twist_l,-63.850458,30.978170,-12.366390
32,58,biceps_twist_r,-24.689640,36.146802,25.276024
32,59,thigh_twist_l,-69.729517,-15.434396,1.634788
32,60,thigh_twist_r,-35.684486,-19.948293,16.419350
33,0,pelvis,-46.250000,-6.687500,0.039062
33,1,stomach,-46.050011,4.173722,1.958005
33,2,chest,-43.201563,21.691691,1.693733
33,3,neck,-43.184214,50.546659,5.874335
33,4,head,-44.392022,64.189600,6.306768
33,5,hair,-41.909618,79.406099,6.667412
33,7,zero_joint_hand_l,-43.201560,21.691709,1.693724
33,8,clavicle_l,-45.414247,46.400646,4.533677
33,9,arm_l,-55.670614,42.650919,-10.360658
33,10,forearm_l,-65.415050,16.022184,-16.212142
33,11,forearm_twist_l,-74.074652,11.885018,-9.112911
33,12,hand_l,-83.275514,7.501636,-1.582534
33,13,weapon_l,-90.739811,8.002957,3.771930
33,14,f_big1_l,-86.585495,10.762806,2.630814
33,15,f_big2_l,-88.543345,10.839623,6.274163
33,16,f_big3_l,-90.509247,7.035769,8.201648
33,17,f_main1_l,-93.774988,4.355547,1.226792
33,18,f_main2_l,-91.188591,3.851634,5.147228
33,19,f_main3_l,-87.231698,5.650858,4.268172
33,20,f_pointer1_l,-94.370397,9.361387,2.860250
33,21,f_pointer2_l,-93.666739,7.458337,6.964501
33,22,f_pointer3_l,-90.345268,8.453894,6.682288
33,23,scapular_l,-52.489100,49.928582,-9.346770
33,24,chest_l,-61.690983,29.611871,9.116202
33,25,zero_joint_hand_r,-43.201543,21.691573,1.693707
33,26,clavicle_r,-42.422160,45.975191,7.454899
33,27,arm_r,-30.880387,47.492846,21.792923
33,28,forearm_r,-12.253557,26.749668,29.606067
33,29,forearm_twist_r,-23.879578,25.431118,31.972708
33,30,hand_r,-36.203971,24.036752,34.491791
33,31,weapon_r,-45.249842,20.078352,35.216856
33,32,f_big1_r,-41.742588,26.319735,33.650428
33,33,f_big2_r,-45.349315,26.082924,32.161596
33,34,f_big3_r,-47.472719,22.449561,31.485708
33,35,f_main1_r,-45.410913,18.884277,38.884708
33,36,f_main2_r,-45.925392,18.546148,33.951833
33,37,f_main3_r,-42.312667,21.183616,32.302883
33,38,f_pointer1_r,-47.515671,23.713295,38.249984
33,39,f_pointer2_r,-49.303215,21.764892,34.671054
33,40,f_pointer3_r,-46.809707,23.207636,32.811952
33,41,scapular_r,-32.802187,53.922114,17.416993
33,42,chest_r,-49.137707,27.827851,21.360657
33,43,zero_joint_pelvis_l,-46.249993,-6.687507,0.039063
33,44,thigh_l,-54.228141,-5.444291,-4.390384
33,45,calf_l,-90.587096,-33.005633,13.652006
33,46,foot_l,-90.307755,-69.021216,-6.199073
33,47,toe_l,-102.979368,-78.670731,6.972214
33,48,back_l,-48.657310,-9.841202,-13.067225
33,51,zero_joint_pelvis_r,-46.250034,-6.687795,0.039070
33,52,thigh_r,-39.887488,-7.656249,6.626883
33,53,calf_r,-20.038670,-42.580528,34.795093
33,54,foot_r,-16.173912,-68.810911,3.357914
33,55,toe_r,-8.829574,-78.823243,19.880008
33,56,back_r,-33.799814,-12.131961,-1.654686
33,57,biceps_twist_l,-60.350490,29.860965,-13.171282
33,58,biceps_twist_r,-21.934051,37.530194,25.546911
33,59,thigh_twist_l,-67.604669,-16.125023,1.879539
33,60,thigh_twist_r,-32.425350,-20.985347,16.575406
34,0,pelvis,-44.000000,-5.750000,0.097656
34,1,stomach,-43.604604,5.114310,1.968191
34,2,chest,-40.656638,22.617764,1.931413
34,3,neck,-42.077691,51.486069,5.763972
34,4,head,-43.107189,65.097421,6.966823
34,5,hair,-40.538992,80.176845,8.928856
34,7,zero_joint_hand_l,-40.656637,22.617782,1.931404
34,8,clavicle_l,-44.115879,47.209767,4.531562
34,9,arm_l,-54.533303,43.662060,-10.300355
34,10,forearm_l,-64.051735,16.993936,-16.341388
34,11,forearm_twist_l,-72.600237,12.853066,-9.123785
34,12,hand_l,-81.694885,8.460190,-1.457982
34,13,weapon_l,-89.227815,9.456326,3.864618
34,14,f_big1_l,-84.935453,11.824601,2.711768
34,15,f_big2_l,-86.976673,12.080540,6.286639
34,16,f_big3_l,-89.089710,8.460295,8.338294
34,17,f_main1_l,-92.299886,5.610372,1.303165
34,18,f_main2_l,-89.876864,4.991731,5.324323
34,19,f_main3_l,-85.765411,6.588382,4.762083
34,20,f_pointer1_l,-92.753795,10.640956,2.907922
34,21,f_pointer2_l,-92.291360,8.712550,7.030201
34,22,f_pointer3_l,-88.904643,9.499252,7.007839
34,23,scapular_l,-51.369341,50.935464,-9.204272
34,24,chest_l,-59.349523,29.641676,9.736647
34,25,zero_joint_hand_r,-40.656613,22.617646,1.931388
34,26,clavicle_r,-41.032294,46.983123,7.378890
34,27,arm_r,-29.108542,47.989923,21.446769
34,28,forearm_r,-8.895766,28.541682,28.622634
34,29,forearm_twist_r,-20.429955,26.727404,31.107550
34,30,hand_r,-32.657028,24.807495,33.752040
34,31,weapon_r,-41.504864,21.391167,34.104632
34,32,f_big1_r,-38.142304,27.160830,32.734798
34,33,f_big2_r,-41.741070,26.997386,31.203505
34,34,f_big3_r,-43.974311,23.433093,30.452236
34,35,f_main1_r,-42.051330,19.805203,37.893015
34,36,f_main2_r,-42.542751,19.404218,32.974540
34,37,f_main3_r,-38.946842,21.935863,31.166169
34,38,f_pointer1_r,-44.085011,24.652003,37.177506
34,39,f_pointer2_r,-45.880122,22.674878,33.608460
34,40,f_pointer3_r,-43.399422,24.011949,31.652287
34,41,scapular_r,-31.098208,54.565483,17.319515
34,42,chest_r,-46.412714,28.691615,21.671071
34,43,zero_joint_pelvis_l,-43.999993,-5.750007,0.097657
34,44,thigh_l,-52.096617,-4.421518,-4.085193
34,45,calf_l,-88.567317,-32.559107,12.805426
34,46,foot_l,-90.318867,-69.007186,-6.161261
34,47,toe_l,-102.991314,-78.677079,6.994269
34,48,back_l,-46.855138,-8.917712,-12.915012
34,51,zero_joint_pelvis_r,-44.000038,-5.750294,0.097666
34,52,thigh_r,-37.447178,-6.776363,6.487219
34,53,calf_r,-17.719602,-41.944518,34.436324
34,54,foot_r,-16.176664,-68.793710,3.323531
34,55,toe_r,-8.837940,-78.789948,19.857861
34,56,back_r,-31.677773,-11.356513,-1.963363
34,57,biceps_twist_l,-59.104610,30.853184,-13.202017
34,58,biceps_twist_r,-19.400438,38.649228,24.894656
34,59,thigh_twist_l,-65.494980,-15.296549,1.743180
34,60,thigh_twist_r,-30.065204,-20.207428,16.358074
35,0,pelvis,-42.500000,-3.437500,0.148438
35,1,stomach,-42.049404,7.428205,1.998274
35,2,chest,-39.360722,24.968638,2.406838
35,3,neck,-41.884234,53.843997,5.558420
35,4,head,-42.981945,67.226227,8.294581
35,5,hair,-39.801151,82.239156,9.820605
35,7,zero_joint_hand_l,-39.360722,24.968656,2.406829
35,8,clavicle_l,-43.798723,49.443373,4.594351
35,9,arm_l,-55.599711,45.967539,-9.180626
35,10,forearm_l,-63.945643,19.204894,-16.418700
35,11,forearm_twist_l,-72.397255,14.754506,-9.258516
35,12,hand_l,-81.377674,10.038626,-1.663186
35,13,weapon_l,-88.998752,10.909150,3.548227
35,14,f_big1_l,-84.659372,13.495204,2.394848
35,15,f_big2_l,-86.740941,13.798851,5.942526
35,16,f_big3_l,-88.909564,10.205792,7.983625
35,17,f_main1_l,-92.055584,7.325828,0.951613
35,18,f_main2_l,-89.676660,6.764111,5.007270
35,19,f_main3_l,-85.560939,8.342013,4.395164
35,20,f_pointer1_l,-92.492434,12.384274,2.468629
35,21,f_pointer2_l,-92.077638,10.523422,6.626863
35,22,f_pointer3_l,-88.691340,11.310996,6.583020
35,23,scapular_l,-52.532886,53.300416,-8.212066
35,24,chest_l,-57.756220,31.360210,11.375364
35,25,zero_joint_hand_r,-39.360693,24.968520,2.406814
35,26,clavicle_r,-40.510779,49.444512,7.212854
35,27,arm_r,-26.960473,48.573082,19.731822
35,28,forearm_r,-7.059716,29.180616,27.866660
35,29,forearm_twist_r,-18.511008,27.038551,30.471154
35,30,hand_r,-30.650286,24.771465,33.242244
35,31,weapon_r,-39.497220,22.192737,33.051773
35,32,f_big1_r,-35.982326,27.372939,32.008321
35,33,f_big2_r,-39.499195,27.369052,30.281066
35,34,f_big3_r,-41.819847,23.889640,29.372004
35,35,f_main1_r,-40.430982,20.101245,36.840854
35,36,f_main2_r,-40.665676,19.812984,31.895631
35,37,f_main3_r,-36.866672,22.231444,30.382203
35,38,f_pointer1_r,-42.233502,25.038878,36.121949
35,39,f_pointer2_r,-43.908130,23.203969,32.420835
35,40,f_pointer3_r,-41.257432,24.486630,30.657258
35,41,scapular_r,-29.089393,55.601053,16.521089
35,42,chest_r,-43.960367,31.366015,22.346623
35,43,zero_joint_pelvis_l,-42.499993,-3.437507,0.148438
35,44,thigh_l,-50.664357,-2.096686,-3.896533
35,45,calf_l,-86.450943,-31.962424,11.416432
35,46,foot_l,-90.376115,-68.947003,-6.133484
35,47,toe_l,-103.048248,-78.644889,7.001727
35,48,back_l,-45.584783,-6.614923,-12.809334
35,51,zero_joint_pelvis_r,-42.500038,-3.437795,0.148449
35,52,thigh_r,-35.840692,-4.470180,6.425905
35,53,calf_r,-16.700571,-40.710413,33.396819
35,54,foot_r,-16.235716,-68.733301,3.300852
35,55,toe_r,-8.904496,-78.720058,19.844238
35,56,back_r,-30.226941,-9.073048,-2.116669
35,57,biceps_twist_l,-59.607833,33.113287,-12.657254
35,58,biceps_twist_r,-17.402296,39.259177,23.640305
35,59,thigh_twist_l,-63.799089,-13.602626,1.339270
35,60,thigh_twist_r,-28.705983,-18.295041,15.928009
36,0,pelvis,-41.750000,-1.187500,0.164062
36,1,stomach,-41.316283,9.679858,2.008214
36,2,chest,-38.993825,27.260526,2.775698
36,3,neck,-42.205543,56.126028,5.335898
36,4,head,-43.791022,69.230947,9.013259
36,5,hair,-41.168368,84.427174,9.188150
36,7,zero_joint_hand_l,-38.993826,27.260543,2.775689
36,8,clavicle_l,-44.041089,51.645377,4.619027
36,9,arm_l,-57.499495,48.156592,-7.538046
36,10,forearm_l,-64.572938,21.528144,-16.436113
36,11,forearm_twist_l,-73.007257,16.762029,-9.474513
36,12,hand_l,-81.980834,11.704682,-2.080415
36,13,weapon_l,-89.716695,12.095735,2.967350
36,14,f_big1_l,-85.375201,15.231366,1.841866
36,15,f_big2_l,-87.509495,15.527560,5.373129
36,16,f_big3_l,-89.695555,11.882609,7.359857
36,17,f_main1_l,-92.700971,9.005083,0.332047
36,18,f_main2_l,-90.347468,8.562382,4.408213
36,19,f_main3_l,-86.283607,10.187434,3.669552
36,20,f_pointer1_l,-93.204837,14.087326,1.745574
36,21,f_pointer2_l,-92.784812,12.320192,5.948244
36,22,f_pointer3_l,-89.418329,13.187634,5.816759
36,23,scapular_l,-54.588834,55.570713,-6.716912
36,24,chest_l,-56.939471,33.355954,12.799696
36,25,zero_joint_hand_r,-38.993794,27.260406,2.775675
36,26,clavicle_r,-40.586973,51.817383,7.007884
36,27,arm_r,-25.689489,49.320700,17.634562
36,28,forearm_r,-6.785290,29.456266,26.925362
36,29,forearm_twist_r,-18.066513,26.847138,29.828873
36,30,hand_r,-30.025483,24.085213,32.916836
36,31,weapon_r,-38.964420,22.179892,32.207916
36,32,f_big1_r,-35.169561,26.924534,31.471264
36,33,f_big2_r,-38.558985,27.076831,29.525882
36,34,f_big3_r,-40.928566,23.694620,28.456234
36,35,f_main1_r,-40.168190,19.767823,35.932780
36,36,f_main2_r,-40.079010,19.596225,30.969324
36,37,f_main3_r,-36.056195,21.899673,29.873806
36,38,f_pointer1_r,-41.704648,24.795064,35.213879
36,39,f_pointer2_r,-43.200830,23.114093,31.375118
36,40,f_pointer3_r,-40.367531,24.343326,29.886248
36,41,scapular_r,-27.900986,56.690698,15.406447
36,42,chest_r,-42.447464,34.078258,22.807399
36,43,zero_joint_pelvis_l,-41.749992,-1.187507,0.164063
36,44,thigh_l,-49.960287,0.125709,-3.796109
36,45,calf_l,-84.772468,-31.557636,10.038869
36,46,foot_l,-90.439120,-68.957224,-6.098838
36,47,toe_l,-103.108673,-78.685552,7.016335
36,48,back_l,-44.958475,-4.376747,-12.760725
36,51,zero_joint_pelvis_r,-41.750037,-1.187797,0.164074
36,52,thigh_r,-35.022535,-2.197298,6.372198
36,53,calf_r,-16.533448,-39.553853,32.252120
36,54,foot_r,-16.287292,-68.749564,3.289809
36,55,toe_r,-8.963403,-78.731551,19.839320
36,56,back_r,-29.482456,-6.782565,-2.227745
36,57,biceps_twist_l,-60.896440,35.366830,-11.811984
36,58,biceps_twist_r,-16.609995,39.780154,22.098254
36,59,thigh_twist_l,-62.711157,-12.034372,0.880344
36,60,thigh_twist_r,-28.147903,-16.425931,15.460997
37,0,pelvis,-41.750000,0.062500,0.117188
37,1,stomach,-41.347556,10.931158,1.960766
37,2,chest,-39.294960,28.543161,2.777448
37,3,neck,-42.782241,57.392183,5.156459
37,4,head,-45.342883,70.485498,8.284373
37,5,hair,-44.064525,85.822708,7.299480
37,7,zero_joint_hand_l,-39.294962,28.543177,2.777439
37,8,clavicle_l,-44.581244,52.884903,4.517693
37,9,arm_l,-59.286687,49.292621,-6.062486
37,10,forearm_l,-65.609130,23.081125,-16.610832
37,11,forearm_twist_l,-74.163869,18.276978,-9.824514
37,12,hand_l,-83.265253,13.179425,-2.616583
37,13,weapon_l,-91.093398,12.971926,2.258364
37,14,f_big1_l,-86.809771,16.746150,1.166562
37,15,f_big2_l,-89.051134,17.048774,4.659800
37,16,f_big3_l,-91.260051,13.349375,6.620284
37,17,f_main1_l,-94.008232,10.405219,-0.442711
37,18,f_main2_l,-91.759600,10.067939,3.675716
37,19,f_main3_l,-87.735601,11.723801,2.971262
37,20,f_pointer1_l,-94.625938,15.503176,0.875832
37,21,f_pointer2_l,-94.269352,13.811365,5.127890
37,22,f_pointer3_l,-90.915050,14.743085,5.022466
37,23,scapular_l,-56.576256,56.786835,-5.283393
37,24,chest_l,-57.091701,34.524446,13.130285
37,25,zero_joint_hand_r,-39.294928,28.543039,2.777426
37,26,clavicle_r,-41.079213,53.117089,6.830486
37,27,arm_r,-25.612914,50.407085,16.553870
37,28,forearm_r,-7.815774,29.708973,26.204435
37,29,forearm_twist_r,-18.867843,26.506765,29.353261
37,30,hand_r,-30.598710,23.111629,32.705620
37,31,weapon_r,-39.645919,21.368037,31.668766
37,32,f_big1_r,-35.607417,26.062528,31.092088
37,33,f_big2_r,-38.886263,26.301356,29.010269
37,34,f_big3_r,-41.271617,23.010024,27.834928
37,35,f_main1_r,-40.945285,19.001933,35.328223
37,36,f_main2_r,-40.635588,18.853922,30.348897
37,37,f_main3_r,-36.476179,21.086187,29.502038
37,38,f_pointer1_r,-42.321152,24.073026,34.574339
37,39,f_pointer2_r,-43.684447,22.451267,30.674577
37,40,f_pointer3_r,-40.754714,23.626595,29.346132
37,41,scapular_r,-27.992900,57.826552,14.676737
37,42,chest_r,-42.398987,35.499114,22.818851
37,43,zero_joint_pelvis_l,-41.749992,0.062492,0.117187
37,44,thigh_l,-50.002692,1.340252,-3.765688
37,45,calf_l,-84.138794,-31.365187,9.357182
37,46,foot_l,-90.504174,-68.948269,-6.078476
37,47,toe_l,-103.165323,-78.713016,7.017734
37,48,back_l,-45.064835,-3.137248,-12.778130
37,51,zero_joint_pelvis_r,-41.750035,0.062201,0.117199
37,52,thigh_r,-34.960403,-0.919111,6.261879
37,53,calf_r,-16.818325,-38.862511,31.526327
37,54,foot_r,-16.333520,-68.752579,3.284257
37,55,toe_r,-9.023900,-78.734391,19.840180
37,56,back_r,-29.480532,-5.477129,-2.390962
37,57,biceps_twist_l,-62.324607,36.696057,-11.131878
37,58,biceps_twist_r,-17.065196,40.466098,21.190366
37,59,thigh_twist_l,-62.491058,-11.187493,0.640871
37,60,thigh_twist_r,-28.220208,-15.357937,15.116873
38,0,pelvis,-42.000000,0.437500,0.042969
38,1,stomach,-41.628008,11.307511,1.884965
38,2,chest,-39.771238,28.948207,2.533806
38,3,neck,-43.435378,57.764586,5.039258
38,4,head,-47.032372,70.864324,6.837628
38,5,hair,-46.684776,86.180771,5.071312
38,7,zero_joint_hand_l,-39.771241,28.948223,2.533798
38,8,clavicle_l,-45.202419,53.252775,4.345967
38,9,arm_l,-60.567185,49.443972,-5.167798
38,10,forearm_l,-66.698634,23.712197,-16.939141
38,11,forearm_twist_l,-75.430448,19.082968,-10.243649
38,12,hand_l,-84.707941,14.177948,-3.141159
38,13,weapon_l,-92.621541,13.397553,1.566986
38,14,f_big1_l,-88.394451,17.752059,0.513451
38,15,f_big2_l,-90.743101,18.082434,3.943140
38,16,f_big3_l,-92.961613,14.375188,5.919032
38,17,f_main1_l,-95.458296,11.279463,-1.179395
38,18,f_main2_l,-93.339494,11.019578,3.004214
38,19,f_main3_l,-89.320960,12.705105,2.420300
38,20,f_pointer1_l,-96.179126,16.384502,0.053931
38,21,f_pointer2_l,-95.927343,14.747827,4.339177
38,22,f_pointer3_l,-92.579790,15.716476,4.339293
38,23,scapular_l,-58.082629,57.011768,-4.309194
38,24,chest_l,-57.748941,34.778551,12.657556
38,25,zero_joint_hand_r,-39.771205,28.948084,2.533784
38,26,clavicle_r,-41.736299,53.487355,6.712004
38,27,arm_r,-26.135457,51.526151,16.400250
38,28,forearm_r,-9.314941,29.958948,25.898116
38,29,forearm_twist_r,-20.158649,26.182269,29.133572
38,30,hand_r,-31.668258,22.176919,32.578070
38,31,weapon_r,-40.779538,20.196763,31.411133
38,32,f_big1_r,-36.635207,25.114921,30.853877
38,33,f_big2_r,-39.866280,25.351861,28.714540
38,34,f_big3_r,-42.237535,22.084412,27.506416
38,35,f_main1_r,-42.065630,18.090054,35.032954
38,36,f_main2_r,-41.667560,17.903416,30.053149
38,37,f_main3_r,-37.479572,20.127363,29.256641
38,38,f_pointer1_r,-43.415841,23.160038,34.217043
38,39,f_pointer2_r,-44.714227,21.511658,30.310703
38,40,f_pointer3_r,-41.763823,22.667129,29.015886
38,41,scapular_r,-28.774904,58.815665,14.367434
38,42,chest_r,-43.206679,35.763359,22.569514
38,43,zero_joint_pelvis_l,-41.999992,0.437492,0.042969
38,44,thigh_l,-50.291235,1.680632,-3.768374
38,45,calf_l,-84.150902,-31.305093,9.369126
38,46,foot_l,-90.333740,-68.920721,-6.061449
38,47,toe_l,-102.981348,-78.724892,7.018381
38,48,back_l,-45.412245,-2.774479,-12.823869
38,51,zero_joint_pelvis_r,-42.000034,0.437200,0.042980
38,52,thigh_r,-35.153550,-0.516058,6.128712
38,53,calf_r,-17.032478,-38.580554,31.225520
38,54,foot_r,-16.123842,-68.736039,3.277591
38,55,toe_r,-8.833204,-78.723955,19.838202
38,56,back_r,-29.729126,-5.049427,-2.571883
38,57,biceps_twist_l,-63.511671,37.084904,-10.821754
38,58,biceps_twist_r,-18.056862,41.167704,20.963438
38,59,thigh_twist_l,-62.675085,-10.948929,0.642512
38,60,thigh_twist_r,-28.418552,-14.996853,14.918924
39,0,pelvis,-42.750000,0.375000,-0.011719
39,1,stomach,-42.403111,11.246636,1.825583
39,2,chest,-40.748964,28.914084,2.258955
39,3,neck,-44.885258,57.646662,4.982368
39,4,head,-49.093579,70.658982,5.845606
39,5,hair,-48.814008,85.972546,4.042600
39,7,zero_joint_hand_l,-40.748966,28.914100,2.258947
39,8,clavicle_l,-46.568509,53.119639,4.187076
39,9,arm_l,-61.941574,48.956907,-5.163607
39,10,forearm_l,-68.361957,23.497183,-17.364615
39,11,forearm_twist_l,-77.215138,19.117505,-10.660619
39,12,hand_l,-86.621211,14.477637,-3.549088
39,13,weapon_l,-94.584770,13.255426,1.038238
39,14,f_big1_l,-90.406339,18.024203,-0.025473
39,15,f_big2_l,-92.804343,18.407776,3.323346
39,16,f_big3_l,-94.991361,14.792016,5.352223
39,17,f_main1_l,-97.367441,11.437926,-1.728788
39,18,f_main2_l,-95.336440,11.247383,2.536042
39,19,f_main3_l,-91.283328,12.983185,2.025902
39,20,f_pointer1_l,-98.155243,16.551932,-0.586630
39,21,f_pointer2_l,-97.999213,14.975113,3.704661
39,22,f_pointer3_l,-94.665564,15.957749,3.807547
39,23,scapular_l,-59.742688,56.592233,-4.139013
39,24,chest_l,-59.091333,34.380429,11.921128
39,25,zero_joint_hand_r,-40.748928,28.913961,2.258933
39,26,clavicle_r,-43.175842,53.373650,6.655362
39,27,arm_r,-27.582830,52.323627,16.496610
39,28,forearm_r,-11.256236,30.276512,25.751366
39,29,forearm_twist_r,-21.937991,26.093523,29.025534
39,30,hand_r,-33.275624,21.656576,32.511233
39,31,weapon_r,-42.354068,19.262227,31.379223
39,32,f_big1_r,-38.320157,24.488772,30.737129
39,33,f_big2_r,-41.591693,24.619940,28.598088
39,34,f_big3_r,-43.915847,21.234319,27.443286
39,35,f_main1_r,-43.587449,17.410666,35.010989
39,36,f_main2_r,-43.221334,17.165919,30.063337
39,37,f_main3_r,-39.136528,19.442830,29.158499
39,38,f_pointer1_r,-45.070281,22.429686,34.138277
39,39,f_pointer2_r,-46.356469,20.695817,30.247298
39,40,f_pointer3_r,-43.441102,21.894044,28.898149
39,41,scapular_r,-30.476881,59.433049,14.202604
39,42,chest_r,-44.856825,35.446938,22.262090
39,43,zero_joint_pelvis_l,-42.749992,0.374992,-0.011719
39,44,thigh_l,-51.070826,1.588660,-3.767669
39,45,calf_l,-84.908010,-31.282989,9.709298
39,46,foot_l,-90.507225,-68.851976,-6.054127
39,47,toe_l,-103.137684,-78.701111,7.008483
39,48,back_l,-46.237269,-2.851631,-12.854754
39,51,zero_joint_pelvis_r,-42.750032,0.374699,-0.011707
39,52,thigh_r,-35.859678,-0.553561,6.028204
39,53,calf_r,-17.519311,-38.488176,31.162341
39,54,foot_r,-16.245423,-68.691405,3.280307
39,55,toe_r,-8.977536,-78.690019,19.844463
39,56,back_r,-30.478056,-5.070148,-2.707627
39,57,biceps_twist_l,-65.026587,36.721642,-11.027233
39,58,biceps_twist_r,-19.741503,41.734642,20.943045
39,59,thigh_twist_l,-63.448785,-11.001455,0.770679
39,60,thigh_twist_r,-29.038950,-14.985545,14.832541
40,0,pelvis,-43.250000,0.187500,-0.023438
40,1,stomach,-42.918933,11.061039,1.805500
40,2,chest,-41.524485,28.753463,2.115977
40,3,neck,-46.652048,57.312040,4.980009
40,4,head,-50.804406,70.318091,6.153127
40,5,hair,-49.769143,85.677849,5.236461
40,7,zero_joint_hand_l,-41.524487,28.753479,2.115969
40,8,clavicle_l,-48.167841,52.741216,4.102722
40,9,arm_l,-62.852968,48.121089,-6.100032
40,10,forearm_l,-69.952490,22.590322,-17.764516
40,11,forearm_twist_l,-78.820713,18.383411,-10.970367
40,12,hand_l,-88.242706,13.927026,-3.763208
40,13,weapon_l,-96.221186,12.481124,0.754242
40,14,f_big1_l,-92.056337,17.417325,-0.366073
40,15,f_big2_l,-94.404616,17.878550,2.898138
40,16,f_big3_l,-96.505932,14.476202,5.005623
40,17,f_main1_l,-99.003621,10.758581,-1.980166
40,18,f_main2_l,-96.956393,10.641031,2.382641
40,19,f_main3_l,-92.811502,12.454089,1.790594
40,20,f_pointer1_l,-99.774222,15.895509,-0.934167
40,21,f_pointer2_l,-99.658154,14.395968,3.336224
40,22,f_pointer3_l,-96.343099,15.375501,3.467925
40,23,scapular_l,-61.021435,55.818438,-4.868483
40,24,chest_l,-60.272801,33.538866,11.350779
40,25,zero_joint_hand_r,-41.524444,28.753341,2.115954
40,26,clavicle_r,-44.848872,53.080284,6.659405
40,27,arm_r,-29.145585,52.475980,16.361792
40,28,forearm_r,-12.619746,30.562931,25.581248
40,29,forearm_twist_r,-23.236192,26.266397,28.920162
40,30,hand_r,-34.504503,21.708980,32.474544
40,31,weapon_r,-43.442319,18.920291,31.499115
40,32,f_big1_r,-39.735481,24.377092,30.706225
40,33,f_big2_r,-43.130239,24.296827,28.603756
40,34,f_big3_r,-45.359714,20.620589,27.589084
40,35,f_main1_r,-44.588899,17.164260,35.169007
40,36,f_main2_r,-44.332771,16.870114,30.308742
40,37,f_main3_r,-40.491042,19.227851,29.215516
40,38,f_pointer1_r,-46.353715,22.080222,34.272915
40,39,f_pointer2_r,-47.650947,20.222850,30.384469
40,40,f_pointer3_r,-44.806702,21.536615,28.945393
40,41,scapular_r,-32.209338,59.494970,14.010298
40,42,chest_r,-46.347148,34.962385,22.062638
40,43,zero_joint_pelvis_l,-43.249992,0.187492,-0.023438
40,44,thigh_l,-51.587703,1.381248,-3.748215
40,45,calf_l,-85.515164,-31.274848,10.022613
40,46,foot_l,-90.608782,-68.764750,-6.096565
40,47,toe_l,-103.161554,-78.698207,6.977075
40,48,back_l,-46.779722,-3.054830,-12.850912
40,51,zero_joint_pelvis_r,-43.250032,0.187198,-0.023425
40,52,thigh_r,-36.334627,-0.722659,5.990600
40,53,calf_r,-17.702633,-38.485635,31.168673
40,54,foot_r,-16.198669,-68.664790,3.272037
40,55,toe_r,-8.980609,-78.688114,19.843044
40,56,back_r,-30.977078,-5.233654,-2.762900
40,57,biceps_twist_l,-66.262391,35.858541,-11.702669
40,58,biceps_twist_r,-21.208580,41.951362,20.791257
40,59,thigh_twist_l,-64.002171,-11.132269,0.900904
40,60,thigh_twist_r,-29.408447,-15.079516,14.803150
41,0,pelvis,-43.500000,0.000000,-0.007812
41,1,stomach,-43.177261,10.875483,1.811031
41,2,chest,-42.019538,28.585702,2.076619
41,3,neck,-48.192312,56.931797,4.989125
41,4,head,-51.943840,69.945040,7.076510
41,5,hair,-49.988745,85.241713,7.230226
41,7,zero_joint_hand_l,-42.019542,28.585718,2.076611
41,8,clavicle_l,-49.531890,52.315625,4.063823
41,9,arm_l,-63.252336,47.313838,-7.242203
41,10,forearm_l,-71.134167,21.607101,-17.981096
41,11,forearm_twist_l,-79.971781,17.458145,-11.111839
41,12,hand_l,-89.361240,13.063152,-3.824963
41,13,weapon_l,-97.338416,11.551971,0.667023
41,14,f_big1_l,-93.162092,16.503284,-0.525534
41,15,f_big2_l,-95.422838,17.039530,2.673654
41,16,f_big3_l,-97.435298,13.862901,4.853474
41,17,f_main1_l,-100.144257,9.800720,-2.013938
41,18,f_main2_l,-98.021205,9.744688,2.426718
41,19,f_main3_l,-93.780487,11.617364,1.667303
41,20,f_pointer1_l,-100.847289,14.967684,-1.049964
41,21,f_pointer2_l,-100.724708,13.539579,3.191075
41,22,f_pointer3_l,-97.425979,14.508975,3.293395
41,23,scapular_l,-61.761498,55.055534,-5.840532
41,24,chest_l,-61.078940,32.663163,11.009399
41,25,zero_joint_hand_r,-42.019493,28.585582,2.076597
41,26,clavicle_r,-46.270404,52.756793,6.678249
41,27,arm_r,-30.387067,52.221819,16.087188
41,28,forearm_r,-13.345210,30.759317,25.426329
41,29,forearm_twist_r,-23.967154,26.528259,28.830724
41,30,hand_r,-35.241310,22.040518,32.454548
41,31,weapon_r,-44.005667,18.968305,31.653216
41,32,f_big1_r,-40.670869,24.549223,30.723868
41,33,f_big2_r,-44.195424,24.245096,28.671416
41,34,f_big3_r,-46.312041,20.254307,27.814477
41,35,f_main1_r,-45.073479,17.200591,35.372570
41,36,f_main2_r,-44.927765,16.869974,30.608833
41,37,f_main3_r,-41.339099,19.284571,29.352984
41,38,f_pointer1_r,-47.134516,22.001540,34.483816
41,39,f_pointer2_r,-48.439247,20.033421,30.593451
41,40,f_pointer3_r,-45.673114,21.474896,29.080067
41,41,scapular_r,-33.537956,59.228569,13.815654
41,42,chest_r,-47.396672,34.514297,21.966725
41,43,zero_joint_pelvis_l,-43.499992,-0.000008,-0.007813
41,44,thigh_l,-51.845149,1.181757,-3.719715
41,45,calf_l,-85.893843,-31.275629,10.220641
41,46,foot_l,-90.692355,-68.688421,-6.166028
41,47,toe_l,-103.131263,-78.722951,6.939218
41,48,back_l,-47.047711,-3.257265,-12.826538
41,51,zero_joint_pelvis_r,-43.500031,-0.000302,-0.007800
41,52,thigh_r,-36.573656,-0.897649,5.995471
41,53,calf_r,-17.716831,-38.524921,31.209306
41,54,foot_r,-16.053414,-68.667376,3.282060
41,55,toe_r,-8.872612,-78.711253,19.856810
41,56,back_r,-31.225990,-5.410707,-2.763007
41,57,biceps_twist_l,-67.037559,34.966774,-12.400292
41,58,biceps_twist_r,-22.202183,41.913630,20.574138
41,59,thigh_twist_l,-64.307215,-11.260335,0.993324
41,60,thigh_twist_r,-29.555813,-15.216230,14.830003
42,0,pelvis,-43.500000,-0.062500,0.003906
42,1,stomach,-43.178854,10.813624,1.819194
42,2,chest,-42.122533,28.530220,2.082167
42,3,neck,-48.773968,56.766773,5.004901
42,4,head,-52.268805,69.757041,7.615398
42,5,hair,-49.862536,84.975336,8.284433
42,7,zero_joint_hand_l,-42.122536,28.530236,2.082159
42,8,clavicle_l,-50.032321,52.131176,4.063010
42,9,arm_l,-63.242751,46.981562,-7.771717
42,10,forearm_l,-71.520552,21.199051,-18.019818
42,11,forearm_twist_l,-80.341651,17.045475,-11.132150
42,12,hand_l,-89.713643,12.645562,-3.825783
42,13,weapon_l,-97.681997,11.131219,0.665067
42,14,f_big1_l,-93.502271,16.068180,-0.566973
42,15,f_big2_l,-95.718418,16.639037,2.606379
42,16,f_big3_l,-97.691866,13.566376,4.818327
42,17,f_main1_l,-100.509168,9.346293,-1.992407
42,18,f_main2_l,-98.340045,9.316069,2.478742
42,19,f_main3_l,-94.051242,11.210749,1.623286
42,20,f_pointer1_l,-101.175953,14.530376,-1.063574
42,21,f_pointer2_l,-101.042285,13.133897,3.162989
42,22,f_pointer3_l,-97.751082,14.096854,3.240245
42,23,scapular_l,-61.905076,54.738378,-6.300720
42,24,chest_l,-61.302027,32.280776,10.900405
42,25,zero_joint_hand_r,-42.122486,28.530100,2.082145
42,26,clavicle_r,-46.795678,52.620231,6.699695
42,27,arm_r,-30.818907,52.043519,15.946583
42,28,forearm_r,-13.491002,30.849082,25.371179
42,29,forearm_twist_r,-24.135545,26.675953,28.803765
42,30,hand_r,-35.419334,22.255433,32.452848
42,31,weapon_r,-44.105838,19.074759,31.736153
42,32,f_big1_r,-40.939977,24.693414,30.745843
42,33,f_big2_r,-44.519947,24.284220,28.720480
42,34,f_big3_r,-46.579662,20.144171,27.938659
42,35,f_main1_r,-45.133129,17.284878,35.476165
42,36,f_main2_r,-45.034198,16.940574,30.763191
42,37,f_main3_r,-41.563038,19.371066,29.443886
42,38,f_pointer1_r,-47.321271,22.032426,34.595334
42,39,f_pointer2_r,-48.627882,20.015589,30.698531
42,40,f_pointer3_r,-45.898284,21.518527,29.156630
42,41,scapular_r,-33.985915,59.063937,13.742985
42,42,chest_r,-47.721477,34.333724,21.947948
42,43,zero_joint_pelvis_l,-43.499992,-0.062508,0.003906
42,44,thigh_l,-51.846719,1.116364,-3.705387
42,45,calf_l,-85.964614,-31.247984,10.282004
42,46,foot_l,-90.676619,-68.624275,-6.212709
42,47,toe_l,-103.063969,-78.704080,6.906620
42,48,back_l,-47.051624,-3.324564,-12.812515
42,51,zero_joint_pelvis_r,-43.500031,-0.062802,0.003919
42,52,thigh_r,-36.571326,-0.956820,6.004997
42,53,calf_r,-17.621865,-38.533516,31.224806
42,54,foot_r,-15.903495,-68.648950,3.271748
42,55,toe_r,-8.731330,-78.703597,19.843708
42,56,back_r,-31.225864,-5.471561,-2.753959
42,57,biceps_twist_l,-67.220410,34.591131,-12.696813
42,58,biceps_twist_r,-22.496604,41.864105,20.474562
42,59,thigh_twist_l,-64.324734,-11.281743,1.020969
42,60,thigh_twist_r,-29.518293,-15.256688,14.841815
43,0,pelvis,-43.500000,-0.062500,0.003906
43,1,stomach,-43.178854,10.813624,1.819194
43,2,chest,-42.122533,28.530220,2.082167
43,3,neck,-48.773968,56.766773,5.004901
43,4,head,-52.268805,69.757041,7.615398
43,5,hair,-49.862536,84.975336,8.284433
43,7,zero_joint_hand_l,-42.122536,28.530236,2.082159
43,8,clavicle_l,-50.032321,52.131176,4.063010
43,9,arm_l,-63.242751,46.981562,-7.771717
43,10,forearm_l,-71.520552,21.199051,-18.019818
43,11,forearm_twist_l,-80.341651,17.045475,-11.132150
43,12,hand_l,-89.713643,12.645562,-3.825783
43,13,weapon_l,-97.681997,11.131219,0.665067
43,14,f_big1_l,-93.502271,16.068180,-0.566973
43,15,f_big2_l,-95.718418,16.639037,2.606379
43,16,f_big3_l,-97.691866,13.566376,4.818327
43,17,f_main1_l,-100.509168,9.346293,-1.992407
43,18,f_main2_l,-98.340045,9.316069,2.478742
43,19,f_main3_l,-94.051242,11.210749,1.623286
43,20,f_pointer1_l,-101.175953,14.530376,-1.063574
43,21,f_pointer2_l,-101.042285,13.133897,3.162989
43,22,f_pointer3_l,-97.751082,14.096854,3.240245
43,23,scapular_l,-61.905076,54.738378,-6.300720
43,24,chest_l,-61.302027,32.280776,10.900405
43,25,zero_joint_hand_r,-42.122486,28.530100,2.082145
43,26,clavicle_r,-46.795678,52.620231,6.699695
43,27,arm_r,-30.818907,52.043519,15.946583
43,28,forearm_r,-13.491002,30.849082,25.371179
43,29,forearm_twist_r,-24.135545,26.675953,28.803765
43,30,hand_r,-35.419334,22.255433,32.452848
43,31,weapon_r,-44.105838,19.074759,31.736153
43,32,f_big1_r,-40.939977,24.693414,30.745843
43,33,f_big2_r,-44.519947,24.284220,28.720480
43,34,f_big3_r,-46.579662,20.144171,27.938659
43,35,f_main1_r,-45.133129,17.284878,35.476165
43,36,f_main2_r,-45.034198,16.940574,30.763191
43,37,f_main3_r,-41.563038,19.371066,29.443886
43,38,f_pointer1_r,-47.321271,22.032426,34.595334
43,39,f_pointer2_r,-48.627882,20.015589,30.698531
43,40,f_pointer3_r,-45.898284,21.518527,29.156630
43,41,scapular_r,-33.985915,59.063937,13.742985
43,42,chest_r,-47.721477,34.333724,21.947948
43,43,zero_joint_pelvis_l,-43.499992,-0.062508,0.003906
43,44,thigh_l,-51.846719,1.116364,-3.705387
43,45,calf_l,-85.964614,-31.247984,10.282004
43,46,foot_l,-90.676619,-68.624275,-6.212709
43,47,toe_l,-103.063969,-78.704080,6.906620
43,48,back_l,-47.051624,-3.324564,-12.812515
43,51,zero_joint_pelvis_r,-43.500031,-0.062802,0.003919
43,52,thigh_r,-36.571326,-0.956820,6.004997
43,53,calf_r,-17.621865,-38.533516,31.224806
43,54,foot_r,-15.903495,-68.648950,3.271748
43,55,toe_r,-8.731330,-78.703597,19.843708
43,56,back_r,-31.225864,-5.471561,-2.753959
43,57,biceps_twist_l,-67.220410,34.591131,-12.696813
43,58,biceps_twist_r,-22.496604,41.864105,20.474562
43,59,thigh_twist_l,-64.324734,-11.281743,1.020969
43,60,thigh_twist_r,-29.518293,-15.256688,14.841815
44,0,pelvis,-43.500000,-0.062500,0.003906
44,1,stomach,-43.178854,10.813624,1.819194
44,2,chest,-42.122533,28.530220,2.082167
44,3,neck,-48.773968,56.766773,5.004901
44,4,head,-52.268805,69.757041,7.615398
44,5,hair,-49.862536,84.975336,8.284433
44,7,zero_joint_hand_l,-42.122536,28.530236,2.082159
44,8,clavicle_l,-50.032321,52.131176,4.063010
44,9,arm_l,-63.242751,46.981562,-7.771717
44,10,forearm_l,-71.520552,21.199051,-18.019818
44,11,forearm_twist_l,-80.341651,17.045475,-11.132150
44,12,hand_l,-89.713643,12.645562,-3.825783
44,13,weapon_l,-97.681997,11.131219,0.665067
44,14,f_big1_l,-93.502271,16.068180,-0.566973
44,15,f_big2_l,-95.718418,16.639037,2.606379
44,16,f_big3_l,-97.691866,13.566376,4.818327
44,17,f_main1_l,-100.509168,9.346293,-1.992407
44,18,f_main2_l,-98.340045,9.316069,2.478742
44,19,f_main3_l,-94.051242,11.210749,1.623286
44,20,f_pointer1_l,-101.175953,14.530376,-1.063574
44,21,f_pointer2_l,-101.042285,13.133897,3.162989
44,22,f_pointer3_l,-97.751082,14.096854,3.240245
44,23,scapular_l,-61.905076,54.738378,-6.300720
44,24,chest_l,-61.302027,32.280776,10.900405
44,25,zero_joint_hand_r,-42.122486,28.530100,2.082145
44,26,clavicle_r,-46.795678,52.620231,6.699695
44,27,arm_r,-30.818907,52.043519,15.946583
44,28,forearm_r,-13.491002,30.849082,25.371179
44,29,forearm_twist_r,-24.135545,26.675953,28.803765
44,30,hand_r,-35.419334,22.255433,32.452848
44,31,weapon_r,-44.105838,19.074759,31.736153
44,32,f_big1_r,-40.939977,24.693414,30.745843
44,33,f_big2_r,-44.519947,24.284220,28.720480
44,34,f_big3_r,-46.579662,20.144171,27.938659
44,35,f_main1_r,-45.133129,17.284878,35.476165
44,36,f_main2_r,-45.034198,16.940574,30.763191
44,37,f_main3_r,-41.563038,19.371066,29.443886
44,38,f_pointer1_r,-47.321271,22.032426,34.595334
44,39,f_pointer2_r,-48.627882,20.015589,30.698531
44,40,f_pointer3_r,-45.898284,21.518527,29.156630
44,41,scapular_r,-33.985915,59.063937,13.742985
44,42,chest_r,-47.721477,34.333724,21.947948
44,43,zero_joint_pelvis_l,-43.499992,-0.062508,0.003906
44,44,thigh_l,-51.846719,1.116364,-3.705387
44,45,calf_l,-85.964614,-31.247984,10.282004
44,46,foot_l,-90.676619,-68.624275,-6.212709
44,47,toe_l,-103.063969,-78.704080,6.906620
44,48,back_l,-47.051624,-3.324564,-12.812515
44,51,zero_joint_pelvis_r,-43.500031,-0.062802,0.003919
44,52,thigh_r,-36.571326,-0.956820,6.004997
44,53,calf_r,-17.621865,-38.533516,31.224806
44,54,foot_r,-15.903495,-68.648950,3.271748
44,55,toe_r,-8.731330,-78.703597,19.843708
44,56,back_r,-31.225864,-5.471561,-2.753959
44,57,biceps_twist_l,-67.220410,34.591131,-12.696813
44,58,biceps_twist_r,-22.496604,41.864105,20.474562
44,59,thigh_twist_l,-64.324734,-11.281743,1.020969
44,60,thigh_twist_r,-29.518293,-15.256688,14.841815
45,0,pelvis,-43.500000,-0.062500,0.003906
45,1,stomach,-43.178854,10.813624,1.819194
45,2,chest,-42.122533,28.530220,2.082167
45,3,neck,-48.773968,56.766773,5.004901
45,4,head,-52.268805,69.757041,7.615398
45,5,hair,-49.862536,84.975336,8.284433
45,7,zero_joint_hand_l,-42.122536,28.530236,2.082159
45,8,clavicle_l,-50.032321,52.131176,4.063010
45,9,arm_l,-63.242751,46.981562,-7.771717
45,10,forearm_l,-71.520552,21.199051,-18.019818
45,11,forearm_twist_l,-80.341651,17.045475,-11.132150
45,12,hand_l,-89.713643,12.645562,-3.825783
45,13,weapon_l,-97.681997,11.131219,0.665067
45,14,f_big1_l,-93.502271,16.068180,-0.566973
45,15,f_big2_l,-95.718418,16.639037,2.606379
45,16,f_big3_l,-97.691866,13.566376,4.818327
45,17,f_main1_l,-100.509168,9.346293,-1.992407
45,18,f_main2_l,-98.340045,9.316069,2.478742
45,19,f_main3_l,-94.051242,11.210749,1.623286
45,20,f_pointer1_l,-101.175953,14.530376,-1.063574
45,21,f_pointer2_l,-101.042285,13.133897,3.162989
45,22,f_pointer3_l,-97.751082,14.096854,3.240245
45,23,scapular_l,-61.905076,54.738378,-6.300720
45,24,chest_l,-61.302027,32.280776,10.900405
45,25,zero_joint_hand_r,-42.122486,28.530100,2.082145
45,26,clavicle_r,-46.795678,52.620231,6.699695
45,27,arm_r,-30.818907,52.043519,15.946583
45,28,forearm_r,-13.491002,30.849082,25.371179
45,29,forearm_twist_r,-24.135545,26.675953,28.803765
45,30,hand_r,-35.419334,22.255433,32.452848
45,31,weapon_r,-44.105838,19.074759,31.736153
45,32,f_big1_r,-40.939977,24.693414,30.745843
45,33,f_big2_r,-44.519947,24.284220,28.720480
45,34,f_big3_r,-46.579662,20.144171,27.938659
45,35,f_main1_r,-45.133129,17.284878,35.476165
45,36,f_main2_r,-45.034198,16.940574,30.763191
45,37,f_main3_r,-41.563038,19.371066,29.443886
45,38,f_pointer1_r,-47.321271,22.032426,34.595334
45,39,f_pointer2_r,-48.627882,20.015589,30.698531
45,40,f_pointer3_r,-45.898284,21.518527,29.156630
45,41,scapular_r,-33.985915,59.063937,13.742985
45,42,chest_r,-47.721477,34.333724,21.947948
45,43,zero_joint_pelvis_l,-43.499992,-0.062508,0.003906
45,44,thigh_l,-51.846719,1.116364,-3.705387
45,45,calf_l,-85.964614,-31.247984,10.282004
45,46,foot_l,-90.676619,-68.624275,-6.212709
45,47,toe_l,-103.063969,-78.704080,6.906620
45,48,back_l,-47.051624,-3.324564,-12.812515
45,51,zero_joint_pelvis_r,-43.500031,-0.062802,0.003919
45,52,thigh_r,-36.571326,-0.956820,6.004997
45,53,calf_r,-17.621865,-38.533516,31.224806
45,54,foot_r,-15.903495,-68.648950,3.271748
45,55,toe_r,-8.731330,-78.703597,19.843708
45,56,back_r,-31.225864,-5.471561,-2.753959
45,57,biceps_twist_l,-67.220410,34.591131,-12.696813
45,58,biceps_twist_r,-22.496604,41.864105,20.474562
45,59,thigh_twist_l,-64.324734,-11.281743,1.020969
45,60,thigh_twist_r,-29.518293,-15.256688,14.841815
46,0,pelvis,-43.500000,-0.062500,0.003906
46,1,stomach,-43.178558,10.813763,1.818306
46,2,chest,-42.121751,28.530352,2.079801
46,3,neck,-48.772401,56.767396,4.999586
46,4,head,-52.267172,69.757972,7.608637
46,5,hair,-49.860335,84.976203,8.277066
46,7,zero_joint_hand_l,-42.121754,28.530368,2.079793
46,8,clavicle_l,-50.030948,52.131733,4.057954
46,9,arm_l,-63.240580,46.981495,-7.777391
46,10,forearm_l,-71.519134,21.197623,-18.021461
46,11,forearm_twist_l,-80.340719,17.045624,-11.133466
46,12,hand_l,-89.713141,12.647359,-3.826658
46,13,weapon_l,-97.682516,11.134821,0.662987
46,14,f_big1_l,-93.503720,16.070707,-0.568790
46,15,f_big2_l,-95.720278,16.642295,2.604144
46,16,f_big3_l,-97.694700,13.570223,4.816040
46,17,f_main1_l,-100.509511,9.350030,-1.994766
46,18,f_main2_l,-98.341166,9.319980,2.476762
46,19,f_main3_l,-94.052087,11.214060,1.621370
46,20,f_pointer1_l,-101.175630,14.534329,-1.066665
46,21,f_pointer2_l,-101.042888,13.138334,3.160088
46,22,f_pointer3_l,-97.749671,14.101322,3.237873
46,23,scapular_l,-61.902782,54.738412,-6.306961
46,24,chest_l,-61.301838,32.282286,10.896164
46,25,zero_joint_hand_r,-42.121704,28.530233,2.079779
46,26,clavicle_r,-46.793920,52.621129,6.694104
46,27,arm_r,-30.817900,52.044713,15.942307
46,28,forearm_r,-13.493264,30.849477,25.371114
46,29,forearm_twist_r,-24.138668,26.677506,28.802434
46,30,hand_r,-35.423402,22.258276,32.450155
46,31,weapon_r,-44.110115,19.078239,31.733160
46,32,f_big1_r,-40.945625,24.695507,30.741946
46,33,f_big2_r,-44.528825,24.285934,28.714398
46,34,f_big3_r,-46.588828,20.145921,27.933142
46,35,f_main1_r,-45.138187,17.288785,35.472528
46,36,f_main2_r,-45.038841,16.943537,30.759632
46,37,f_main3_r,-41.564241,19.375597,29.439127
46,38,f_pointer1_r,-47.332534,22.034520,34.594246
46,39,f_pointer2_r,-48.638958,20.017026,30.697720
46,40,f_pointer3_r,-45.907550,21.520291,29.154937
46,41,scapular_r,-33.991223,59.061391,13.733618
46,42,chest_r,-47.722115,34.335761,21.944626
46,43,zero_joint_pelvis_l,-43.499992,-0.062508,0.003906
46,44,thigh_l,-51.846709,1.116257,-3.705442
46,45,calf_l,-85.968038,-31.244114,10.282777
46,46,foot_l,-90.677407,-68.619134,-6.215566
46,47,toe_l,-103.059748,-78.705716,6.903284
46,48,back_l,-47.051768,-3.325543,-12.812226
46,51,zero_joint_pelvis_r,-43.500031,-0.062802,0.003919
46,52,thigh_r,-36.571317,-0.956489,6.005036
46,53,calf_r,-17.618908,-38.529227,31.228526
46,54,foot_r,-15.899475,-68.647686,3.278793
46,55,toe_r,-8.729914,-78.702167,19.851979
46,56,back_r,-31.226008,-5.472085,-2.753573
46,57,biceps_twist_l,-67.216361,34.597377,-12.697815
46,58,biceps_twist_r,-22.497184,41.864914,20.472336
46,59,thigh_twist_l,-64.326011,-11.280428,1.021249
46,60,thigh_twist_r,-29.517137,-15.254925,14.843255
